<svg xmlns="http://www.w3.org/2000/svg" width="180.0mm" height="180.0mm" viewBox="-90.00 -90.00 180.00 180.00">
  <defs>
    <style>
      .bg { fill: #FFFFFF; }
      .boundary { stroke: #BDC3C7; stroke-width: 0.5; fill: none; stroke-dasharray: 2,2; }
      .rotor-edge { stroke: #2C3E50; stroke-width: 0.8; fill: none; }
      .center-hole { stroke: #E74C3C; stroke-width: 0.5; fill: none; }
      .grid-line { stroke: #E0E0E0; stroke-width: 0.35; fill: none; }
      .grid-text { font-family: sans-serif; font-size: 2.2px; fill: #7F8C8D; text-anchor: middle; }
      .sector-beat { fill: #2ECC71; fill-opacity: 0.18; stroke: #27AE60; stroke-width: 0.4; }
      .sector-gybe { fill: #E74C3C; fill-opacity: 0.18; stroke: #C0392B; stroke-width: 0.4; }
      .compass-tick { stroke: #2C3E50; stroke-width: 0.4; }
      .compass-text { font-family: sans-serif; font-weight: bold; font-size: 2.6px; fill: #2C3E50; text-anchor: middle; dominant-baseline: central; }
      .polar-curve { fill: none; stroke-width: 0.65; }
      .polar-label { font-family: sans-serif; font-weight: bold; font-size: 2.3px; dominant-baseline: central; }
      .awa-line { fill: none; stroke: #2980B9; stroke-width: 0.45; stroke-dasharray: 2.5,1.2; }
      .awa-label { font-family: sans-serif; font-size: 2.0px; fill: #1B4F72; text-anchor: middle; dominant-baseline: central; }
      .title-text { font-family: sans-serif; font-weight: bold; font-size: 3.0px; fill: #2C3E50; text-anchor: middle; }
      .sub-text { font-family: sans-serif; font-size: 1.9px; fill: #7F8C8D; text-anchor: middle; }
      .tack-label { font-family: sans-serif; font-weight: bold; font-size: 2.4px; fill: #27AE60; text-anchor: middle; }
      .gybe-label { font-family: sans-serif; font-weight: bold; font-size: 2.4px; fill: #C0392B; text-anchor: middle; }
    </style>
  </defs>
  <!-- Hintergrund & Begrenzungen -->
  <circle cx="0" cy="0" r="75.0" class="bg" />
  <circle cx="0" cy="0" r="75.0" class="rotor-edge" />
  <circle cx="0" cy="0" r="1.5" class="center-hole" />

  <polygon points="0.00,-74.50 -2.50,-69.00 0.00,-70.50 2.50,-69.00" fill="#C0392B" stroke="#962D22" stroke-width="0.3" />
  <text x="0" y="-66.50" class="compass-text" fill="#C0392B">TRUE WIND</text>
  <path d="M 40.63 -52.01 L 46.17 -59.10 A 75.0 75.0 0 0 1 50.18 -55.74 L 44.16 -49.05 A 66.0 66.0 0 0 0 40.63 -52.01 Z" class="sector-beat" />
  <text x="45.32" y="-54.01" class="tack-label" transform="rotate(-50.0 45.32 -54.01)">TACK 40°</text>
  <path d="M -44.16 -49.05 L -50.18 -55.74 A 75.0 75.0 0 0 0 -46.17 -59.10 L -40.63 -52.01 A 66.0 66.0 0 0 1 -44.16 -49.05 Z" class="sector-beat" />
  <text x="-45.32" y="-54.01" class="tack-label" transform="rotate(50.0 -45.32 -54.01)">TACK 40°</text>
  <path d="M 37.86 54.06 L 43.02 61.44 A 75.0 75.0 0 0 1 19.41 72.44 L 17.08 63.75 A 66.0 66.0 0 0 0 37.86 54.06 Z" class="sector-gybe" />
  <text x="29.79" y="63.89" class="gybe-label" transform="rotate(65.0 29.79 63.89)">GYBE 155°</text>
  <path d="M -17.08 63.75 L -19.41 72.44 A 75.0 75.0 0 0 0 -43.02 61.44 L -37.86 54.06 A 66.0 66.0 0 0 1 -17.08 63.75 Z" class="sector-gybe" />
  <text x="-29.79" y="63.89" class="gybe-label" transform="rotate(-65.0 -29.79 63.89)">GYBE 155°</text>
  <line x1="13.02" y1="-73.86" x2="12.71" y2="-72.09" class="compass-tick" />
  <line x1="-13.02" y1="-73.86" x2="-12.71" y2="-72.09" class="compass-tick" />
  <line x1="25.65" y1="-70.48" x2="25.04" y2="-68.79" class="compass-tick" />
  <line x1="-25.65" y1="-70.48" x2="-25.04" y2="-68.79" class="compass-tick" />
  <line x1="37.50" y1="-64.95" x2="35.90" y2="-62.18" class="compass-tick" />
  <text x="35.00" y="-60.62" class="compass-text">30°</text>
  <line x1="-37.50" y1="-64.95" x2="-35.90" y2="-62.18" class="compass-tick" />
  <text x="-35.00" y="-60.62" class="compass-text">30°</text>
  <line x1="48.21" y1="-57.45" x2="47.05" y2="-56.07" class="compass-tick" />
  <line x1="-48.21" y1="-57.45" x2="-47.05" y2="-56.07" class="compass-tick" />
  <line x1="57.45" y1="-48.21" x2="56.07" y2="-47.05" class="compass-tick" />
  <line x1="-57.45" y1="-48.21" x2="-56.07" y2="-47.05" class="compass-tick" />
  <line x1="64.95" y1="-37.50" x2="62.18" y2="-35.90" class="compass-tick" />
  <text x="60.62" y="-35.00" class="compass-text">60°</text>
  <line x1="-64.95" y1="-37.50" x2="-62.18" y2="-35.90" class="compass-tick" />
  <text x="-60.62" y="-35.00" class="compass-text">60°</text>
  <line x1="70.48" y1="-25.65" x2="68.79" y2="-25.04" class="compass-tick" />
  <line x1="-70.48" y1="-25.65" x2="-68.79" y2="-25.04" class="compass-tick" />
  <line x1="73.86" y1="-13.02" x2="72.09" y2="-12.71" class="compass-tick" />
  <line x1="-73.86" y1="-13.02" x2="-72.09" y2="-12.71" class="compass-tick" />
  <line x1="75.00" y1="-0.00" x2="71.80" y2="-0.00" class="compass-tick" />
  <text x="70.00" y="-0.00" class="compass-text">90°</text>
  <line x1="-75.00" y1="-0.00" x2="-71.80" y2="-0.00" class="compass-tick" />
  <text x="-70.00" y="-0.00" class="compass-text">90°</text>
  <line x1="73.86" y1="13.02" x2="72.09" y2="12.71" class="compass-tick" />
  <line x1="-73.86" y1="13.02" x2="-72.09" y2="12.71" class="compass-tick" />
  <line x1="70.48" y1="25.65" x2="68.79" y2="25.04" class="compass-tick" />
  <line x1="-70.48" y1="25.65" x2="-68.79" y2="25.04" class="compass-tick" />
  <line x1="64.95" y1="37.50" x2="62.18" y2="35.90" class="compass-tick" />
  <text x="60.62" y="35.00" class="compass-text">120°</text>
  <line x1="-64.95" y1="37.50" x2="-62.18" y2="35.90" class="compass-tick" />
  <text x="-60.62" y="35.00" class="compass-text">120°</text>
  <line x1="57.45" y1="48.21" x2="56.07" y2="47.05" class="compass-tick" />
  <line x1="-57.45" y1="48.21" x2="-56.07" y2="47.05" class="compass-tick" />
  <line x1="48.21" y1="57.45" x2="47.05" y2="56.07" class="compass-tick" />
  <line x1="-48.21" y1="57.45" x2="-47.05" y2="56.07" class="compass-tick" />
  <line x1="37.50" y1="64.95" x2="35.90" y2="62.18" class="compass-tick" />
  <text x="35.00" y="60.62" class="compass-text">150°</text>
  <line x1="-37.50" y1="64.95" x2="-35.90" y2="62.18" class="compass-tick" />
  <text x="-35.00" y="60.62" class="compass-text">150°</text>
  <line x1="25.65" y1="70.48" x2="25.04" y2="68.79" class="compass-tick" />
  <line x1="-25.65" y1="70.48" x2="-25.04" y2="68.79" class="compass-tick" />
  <line x1="13.02" y1="73.86" x2="12.71" y2="72.09" class="compass-tick" />
  <line x1="-13.02" y1="73.86" x2="-12.71" y2="72.09" class="compass-tick" />
  <text x="0" y="-38.0" class="title-text">WEG A: NORMIERTE POLAREN (RATIO)</text>
  <text x="0" y="-34.0" class="sub-text">Windpol im Zentrum | Fasskreise im unteren Bereich | JPK 1080 TRUE GRIT</text>
  <circle cx="0" cy="0" r="10.40" class="grid-line" />
  <text x="9.40" y="-1.5" class="grid-text">0.2</text>
  <circle cx="0" cy="0" r="20.80" class="grid-line" />
  <text x="19.80" y="-1.5" class="grid-text">0.4</text>
  <circle cx="0" cy="0" r="31.20" class="grid-line" />
  <text x="30.20" y="-1.5" class="grid-text">0.6</text>
  <circle cx="0" cy="0" r="41.60" class="grid-line" />
  <text x="40.60" y="-1.5" class="grid-text">0.8</text>
  <circle cx="0" cy="0" r="52.00" class="grid-line" />
  <text x="51.00" y="-1.5" class="grid-text">1.0</text>
  <line x1="0" y1="0" x2="0" y2="52.00" stroke="#C0392B" stroke-width="1.0" stroke-linecap="round" />
  <circle cx="0" cy="52.00" r="1.3" fill="#C0392B" />
  <text x="0" y="55.20" class="awa-label" font-weight="bold" fill="#C0392B">P1 (Fußpunkt / 180°)</text>
  <text x="0" y="-3.0" class="awa-label" font-weight="bold" fill="#C0392B">Windpol (0,0)</text>
  <path d="M 0.00 -0.00 3.20 -5.99 7.05 -11.58 11.49 -16.72 16.46 -21.34 21.92 -25.38 27.79 -28.80 34.00 -31.54 40.47 -33.59 47.13 -34.91 53.89 -35.49 7.05 63.58 3.20 57.99 0.00 52.00" class="awa-line" />
  <path d="M -0.00 -0.00 -3.20 -5.99 -7.05 -11.58 -11.49 -16.72 -16.46 -21.34 -21.92 -25.38 -27.79 -28.80 -34.00 -31.54 -40.47 -33.59 -47.13 -34.91 -53.89 -35.49 -7.05 63.58 -3.20 57.99 -0.00 52.00" class="awa-line" />
  <path d="M 0.00 0.00 3.03 -4.65 6.54 -8.96 10.49 -12.87 14.83 -16.33 19.52 -19.31 24.49 -21.77 29.71 -23.69 35.09 -25.04 40.59 -25.81 46.14 -25.99 51.68 -25.57 57.15 -24.57 6.54 60.96 3.03 56.65 0.00 52.00" class="awa-line" />
  <text x="35.09" y="-25.04" class="awa-label">30°</text>
  <path d="M -0.00 0.00 -3.03 -4.65 -6.54 -8.96 -10.49 -12.87 -14.83 -16.33 -19.52 -19.31 -24.49 -21.77 -29.71 -23.69 -35.09 -25.04 -40.59 -25.81 -46.14 -25.99 -51.68 -25.57 -57.15 -24.57 -6.54 60.96 -3.03 56.65 -0.00 52.00" class="awa-line" />
  <path d="M -0.00 0.00 2.88 -3.69 6.12 -7.06 9.70 -10.08 13.56 -12.72 17.68 -14.95 22.01 -16.73 26.49 -18.06 31.10 -18.93 35.76 -19.31 40.44 -19.21 45.08 -18.63 49.64 -17.57 54.07 -16.05 58.31 -14.08 62.33 -11.68 9.70 62.08 6.12 59.06 2.88 55.69 -0.00 52.00" class="awa-line" />
  <path d="M 0.00 0.00 -2.88 -3.69 -6.12 -7.06 -9.70 -10.08 -13.56 -12.72 -17.68 -14.95 -22.01 -16.73 -26.49 -18.06 -31.10 -18.93 -35.76 -19.31 -40.44 -19.21 -45.08 -18.63 -49.64 -17.57 -54.07 -16.05 -58.31 -14.08 -62.33 -11.68 -9.70 62.08 -6.12 59.06 -2.88 55.69 0.00 52.00" class="awa-line" />
  <path d="M 0.00 -0.00 2.74 -2.96 5.77 -5.62 9.04 -7.98 12.53 -9.99 16.21 -11.65 20.03 -12.94 23.96 -13.83 27.96 -14.34 31.99 -14.44 36.02 -14.13 39.99 -13.43 43.87 -12.34 47.62 -10.87 51.21 -9.03 54.60 -6.84 57.75 -4.33 60.64 -1.51 63.23 1.58 12.53 61.99 9.04 59.98 5.77 57.62 2.74 54.96 0.00 52.00" class="awa-line" />
  <text x="43.87" y="-12.34" class="awa-label">40°</text>
  <path d="M -0.00 -0.00 -2.74 -2.96 -5.77 -5.62 -9.04 -7.98 -12.53 -9.99 -16.21 -11.65 -20.03 -12.94 -23.96 -13.83 -27.96 -14.34 -31.99 -14.44 -36.02 -14.13 -39.99 -13.43 -43.87 -12.34 -47.62 -10.87 -51.21 -9.03 -54.60 -6.84 -57.75 -4.33 -60.64 -1.51 -63.23 1.58 -12.53 61.99 -9.04 59.98 -5.77 57.62 -2.74 54.96 -0.00 52.00" class="awa-line" />
  <path d="M 0.00 -0.00 2.62 -2.38 5.45 -4.49 8.47 -6.32 11.66 -7.86 14.97 -9.08 18.39 -9.97 21.88 -10.54 25.41 -10.76 28.94 -10.65 32.45 -10.20 35.90 -9.41 39.25 -8.30 42.48 -6.87 45.56 -5.13 48.46 -3.11 51.15 -0.82 53.61 1.72 55.82 4.48 57.74 7.45 59.38 10.58 60.71 13.86 61.71 17.24 18.39 61.97 14.97 61.08 11.66 59.86 8.47 58.32 5.45 56.49 2.62 54.38 0.00 52.00" class="awa-line" />
  <path d="M -0.00 -0.00 -2.62 -2.38 -5.45 -4.49 -8.47 -6.32 -11.66 -7.86 -14.97 -9.08 -18.39 -9.97 -21.88 -10.54 -25.41 -10.76 -28.94 -10.65 -32.45 -10.20 -35.90 -9.41 -39.25 -8.30 -42.48 -6.87 -45.56 -5.13 -48.46 -3.11 -51.15 -0.82 -53.61 1.72 -55.82 4.48 -57.74 7.45 -59.38 10.58 -60.71 13.86 -61.71 17.24 -18.39 61.97 -14.97 61.08 -11.66 59.86 -8.47 58.32 -5.45 56.49 -2.62 54.38 -0.00 52.00" class="awa-line" />
  <path d="M 0.00 0.00 2.50 -1.91 5.16 -3.57 7.97 -4.99 10.89 -6.13 13.91 -7.01 17.00 -7.60 20.12 -7.90 23.27 -7.91 26.40 -7.63 29.49 -7.06 32.51 -6.21 35.44 -5.08 38.26 -3.69 40.94 -2.04 43.45 -0.15 45.77 1.96 47.89 4.28 49.79 6.78 51.45 9.45 52.85 12.26 53.99 15.19 54.85 18.21 55.43 21.30 55.72 24.43 55.72 27.57 55.43 30.70 54.85 33.79 53.99 36.81 26.40 59.63 23.27 59.91 20.12 59.90 17.00 59.60 13.91 59.01 10.89 58.13 7.97 56.99 5.16 55.57 2.50 53.91 0.00 52.00" class="awa-line" />
  <text x="51.45" y="9.45" class="awa-label">50°</text>
  <path d="M -0.00 0.00 -2.50 -1.91 -5.16 -3.57 -7.97 -4.99 -10.89 -6.13 -13.91 -7.01 -17.00 -7.60 -20.12 -7.90 -23.27 -7.91 -26.40 -7.63 -29.49 -7.06 -32.51 -6.21 -35.44 -5.08 -38.26 -3.69 -40.94 -2.04 -43.45 -0.15 -45.77 1.96 -47.89 4.28 -49.79 6.78 -51.45 9.45 -52.85 12.26 -53.99 15.19 -54.85 18.21 -55.43 21.30 -55.72 24.43 -55.72 27.57 -55.43 30.70 -54.85 33.79 -53.99 36.81 -26.40 59.63 -23.27 59.91 -20.12 59.90 -17.00 59.60 -13.91 59.01 -10.89 58.13 -7.97 56.99 -5.16 55.57 -2.50 53.91 -0.00 52.00" class="awa-line" />
  <path d="M 0.00 -0.00 2.27 -1.19 4.64 -2.17 7.09 -2.96 9.59 -3.53 12.13 -3.88 14.69 -4.02 17.25 -3.94 19.80 -3.64 22.32 -3.12 24.78 -2.39 27.16 -1.45 29.46 -0.31 31.66 1.02 33.73 2.53 35.67 4.21 37.45 6.05 39.07 8.04 40.52 10.16 41.78 12.40 42.84 14.73 43.70 17.15 44.35 19.63 44.79 22.16 45.01 24.72 45.01 27.28 44.79 29.84 44.35 32.37 43.70 34.85 42.84 37.27 41.78 39.60 40.52 41.84 39.07 43.96 37.45 45.95 35.67 47.79 33.73 49.47 31.66 50.98 29.46 52.31 27.16 53.45 24.78 54.39 22.32 55.12 19.80 55.64 17.25 55.94 14.69 56.02 12.13 55.88 9.59 55.53 7.09 54.96 4.64 54.17 2.27 53.19 0.00 52.00" class="awa-line" />
  <text x="41.78" y="39.60" class="awa-label">60°</text>
  <path d="M -0.00 -0.00 -2.27 -1.19 -4.64 -2.17 -7.09 -2.96 -9.59 -3.53 -12.13 -3.88 -14.69 -4.02 -17.25 -3.94 -19.80 -3.64 -22.32 -3.12 -24.78 -2.39 -27.16 -1.45 -29.46 -0.31 -31.66 1.02 -33.73 2.53 -35.67 4.21 -37.45 6.05 -39.07 8.04 -40.52 10.16 -41.78 12.40 -42.84 14.73 -43.70 17.15 -44.35 19.63 -44.79 22.16 -45.01 24.72 -45.01 27.28 -44.79 29.84 -44.35 32.37 -43.70 34.85 -42.84 37.27 -41.78 39.60 -40.52 41.84 -39.07 43.96 -37.45 45.95 -35.67 47.79 -33.73 49.47 -31.66 50.98 -29.46 52.31 -27.16 53.45 -24.78 54.39 -22.32 55.12 -19.80 55.64 -17.25 55.94 -14.69 56.02 -12.13 55.88 -9.59 55.53 -7.09 54.96 -4.64 54.17 -2.27 53.19 -0.00 52.00" class="awa-line" />
  <path d="M -0.00 0.00 1.96 -0.45 3.95 -0.75 5.96 -0.90 7.97 -0.90 9.98 -0.75 11.97 -0.45 13.93 0.00 15.86 0.59 17.73 1.33 19.54 2.20 21.29 3.21 22.95 4.34 24.52 5.60 26.00 6.97 27.37 8.44 28.62 10.02 29.76 11.68 30.76 13.42 31.64 15.24 32.37 17.11 32.97 19.03 33.41 21.00 33.71 22.99 33.87 24.99 33.87 27.01 33.71 29.01 33.41 31.00 32.97 32.97 32.37 34.89 31.64 36.76 30.76 38.58 29.76 40.32 28.62 41.98 27.37 43.56 26.00 45.03 24.52 46.40 22.95 47.66 21.29 48.79 19.54 49.80 17.73 50.67 15.86 51.41 13.93 52.00 11.97 52.45 9.98 52.75 7.97 52.90 5.96 52.90 3.95 52.75 1.96 52.45 -0.00 52.00" class="awa-line" />
  <text x="31.64" y="36.76" class="awa-label">75°</text>
  <path d="M 0.00 0.00 -1.96 -0.45 -3.95 -0.75 -5.96 -0.90 -7.97 -0.90 -9.98 -0.75 -11.97 -0.45 -13.93 0.00 -15.86 0.59 -17.73 1.33 -19.54 2.20 -21.29 3.21 -22.95 4.34 -24.52 5.60 -26.00 6.97 -27.37 8.44 -28.62 10.02 -29.76 11.68 -30.76 13.42 -31.64 15.24 -32.37 17.11 -32.97 19.03 -33.41 21.00 -33.71 22.99 -33.87 24.99 -33.87 27.01 -33.71 29.01 -33.41 31.00 -32.97 32.97 -32.37 34.89 -31.64 36.76 -30.76 38.58 -29.76 40.32 -28.62 41.98 -27.37 43.56 -26.00 45.03 -24.52 46.40 -22.95 47.66 -21.29 48.79 -19.54 49.80 -17.73 50.67 -15.86 51.41 -13.93 52.00 -11.97 52.45 -9.98 52.75 -7.97 52.90 -5.96 52.90 -3.95 52.75 -1.96 52.45 0.00 52.00" class="awa-line" />
  <path d="M 0.00 0.00 1.67 0.05 3.32 0.21 4.97 0.48 6.60 0.85 8.19 1.32 9.76 1.90 11.28 2.57 12.76 3.35 14.18 4.21 15.55 5.16 16.85 6.20 18.09 7.32 19.25 8.52 20.33 9.79 21.32 11.12 22.23 12.52 23.05 13.97 23.77 15.48 24.40 17.02 24.93 18.60 25.35 20.21 25.67 21.85 25.88 23.50 25.99 25.17 25.99 26.83 25.88 28.50 25.67 30.15 25.35 31.79 24.93 33.40 24.40 34.98 23.77 36.52 23.05 38.03 22.23 39.48 21.32 40.88 20.33 42.21 19.25 43.48 18.09 44.68 16.85 45.80 15.55 46.84 14.18 47.79 12.76 48.65 11.28 49.43 9.76 50.10 8.19 50.68 6.60 51.15 4.97 51.52 3.32 51.79 1.67 51.95 0.00 52.00" class="awa-line" />
  <text x="24.40" y="34.98" class="awa-label">90°</text>
  <path d="M -0.00 0.00 -1.67 0.05 -3.32 0.21 -4.97 0.48 -6.60 0.85 -8.19 1.32 -9.76 1.90 -11.28 2.57 -12.76 3.35 -14.18 4.21 -15.55 5.16 -16.85 6.20 -18.09 7.32 -19.25 8.52 -20.33 9.79 -21.32 11.12 -22.23 12.52 -23.05 13.97 -23.77 15.48 -24.40 17.02 -24.93 18.60 -25.35 20.21 -25.67 21.85 -25.88 23.50 -25.99 25.17 -25.99 26.83 -25.88 28.50 -25.67 30.15 -25.35 31.79 -24.93 33.40 -24.40 34.98 -23.77 36.52 -23.05 38.03 -22.23 39.48 -21.32 40.88 -20.33 42.21 -19.25 43.48 -18.09 44.68 -16.85 45.80 -15.55 46.84 -14.18 47.79 -12.76 48.65 -11.28 49.43 -9.76 50.10 -8.19 50.68 -6.60 51.15 -4.97 51.52 -3.32 51.79 -1.67 51.95 -0.00 52.00" class="awa-line" />
  <path d="M 0.00 0.00 1.28 0.50 2.54 1.07 3.77 1.70 4.96 2.39 6.12 3.14 7.24 3.94 8.32 4.80 9.36 5.72 10.34 6.68 11.28 7.69 12.17 8.75 13.00 9.85 13.78 10.99 14.50 12.17 15.16 13.38 15.76 14.62 16.29 15.89 16.76 17.19 17.17 18.51 17.51 19.84 17.79 21.20 17.99 22.56 18.13 23.93 18.20 25.31 18.20 26.69 18.13 28.07 17.99 29.44 17.79 30.80 17.51 32.16 17.17 33.49 16.76 34.81 16.29 36.11 15.76 37.38 15.16 38.62 14.50 39.83 13.78 41.01 13.00 42.15 12.17 43.25 11.28 44.31 10.34 45.32 9.36 46.28 8.32 47.20 7.24 48.06 6.12 48.86 4.96 49.61 3.77 50.30 2.54 50.93 1.28 51.50 0.00 52.00" class="awa-line" />
  <text x="10.34" y="45.32" class="awa-label">110°</text>
  <path d="M -0.00 0.00 -1.28 0.50 -2.54 1.07 -3.77 1.70 -4.96 2.39 -6.12 3.14 -7.24 3.94 -8.32 4.80 -9.36 5.72 -10.34 6.68 -11.28 7.69 -12.17 8.75 -13.00 9.85 -13.78 10.99 -14.50 12.17 -15.16 13.38 -15.76 14.62 -16.29 15.89 -16.76 17.19 -17.17 18.51 -17.51 19.84 -17.79 21.20 -17.99 22.56 -18.13 23.93 -18.20 25.31 -18.20 26.69 -18.13 28.07 -17.99 29.44 -17.79 30.80 -17.51 32.16 -17.17 33.49 -16.76 34.81 -16.29 36.11 -15.76 37.38 -15.16 38.62 -14.50 39.83 -13.78 41.01 -13.00 42.15 -12.17 43.25 -11.28 44.31 -10.34 45.32 -9.36 46.28 -8.32 47.20 -7.24 48.06 -6.12 48.86 -4.96 49.61 -3.77 50.30 -2.54 50.93 -1.28 51.50 -0.00 52.00" class="awa-line" />
  <path d="M 0.00 0.00 0.82 0.85 1.61 1.72 2.38 2.62 3.11 3.54 3.82 4.48 4.49 5.45 5.13 6.44 5.74 7.45 6.32 8.47 6.87 9.52 7.38 10.58 7.86 11.66 8.30 12.75 8.71 13.86 9.08 14.97 9.41 16.10 9.71 17.24 9.97 18.39 10.20 19.55 10.39 20.71 10.54 21.88 10.65 23.06 10.73 24.23 10.76 25.41 10.76 26.59 10.73 27.77 10.65 28.94 10.54 30.12 10.39 31.29 10.20 32.45 9.97 33.61 9.71 34.76 9.41 35.90 9.08 37.03 8.71 38.14 8.30 39.25 7.86 40.34 7.38 41.42 6.87 42.48 6.32 43.53 5.74 44.55 5.13 45.56 4.49 46.55 3.82 47.52 3.11 48.46 2.38 49.38 1.61 50.28 0.82 51.15 0.00 52.00" class="awa-line" />
  <text x="6.32" y="43.53" class="awa-label">135°</text>
  <path d="M -0.00 0.00 -0.82 0.85 -1.61 1.72 -2.38 2.62 -3.11 3.54 -3.82 4.48 -4.49 5.45 -5.13 6.44 -5.74 7.45 -6.32 8.47 -6.87 9.52 -7.38 10.58 -7.86 11.66 -8.30 12.75 -8.71 13.86 -9.08 14.97 -9.41 16.10 -9.71 17.24 -9.97 18.39 -10.20 19.55 -10.39 20.71 -10.54 21.88 -10.65 23.06 -10.73 24.23 -10.76 25.41 -10.76 26.59 -10.73 27.77 -10.65 28.94 -10.54 30.12 -10.39 31.29 -10.20 32.45 -9.97 33.61 -9.71 34.76 -9.41 35.90 -9.08 37.03 -8.71 38.14 -8.30 39.25 -7.86 40.34 -7.38 41.42 -6.87 42.48 -6.32 43.53 -5.74 44.55 -5.13 45.56 -4.49 46.55 -3.82 47.52 -3.11 48.46 -2.38 49.38 -1.61 50.28 -0.82 51.15 -0.00 52.00" class="awa-line" />
  <path d="M 0.00 0.00 0.45 1.00 0.89 2.00 1.31 3.01 1.71 4.03 2.09 5.06 2.45 6.10 2.80 7.13 3.13 8.18 3.43 9.23 3.72 10.29 3.99 11.35 4.25 12.42 4.48 13.49 4.69 14.56 4.89 15.64 5.06 16.72 5.22 17.81 5.35 18.89 5.47 19.98 5.57 21.07 5.64 22.17 5.70 23.26 5.74 24.36 5.76 25.45 5.76 26.55 5.74 27.64 5.70 28.74 5.64 29.83 5.57 30.93 5.47 32.02 5.35 33.11 5.22 34.19 5.06 35.28 4.89 36.36 4.69 37.44 4.48 38.51 4.25 39.58 3.99 40.65 3.72 41.71 3.43 42.77 3.13 43.82 2.80 44.87 2.45 45.90 2.09 46.94 1.71 47.97 1.31 48.99 0.89 50.00 0.45 51.00 0.00 52.00" class="awa-line" />
  <path d="M -0.00 0.00 -0.45 1.00 -0.89 2.00 -1.31 3.01 -1.71 4.03 -2.09 5.06 -2.45 6.10 -2.80 7.13 -3.13 8.18 -3.43 9.23 -3.72 10.29 -3.99 11.35 -4.25 12.42 -4.48 13.49 -4.69 14.56 -4.89 15.64 -5.06 16.72 -5.22 17.81 -5.35 18.89 -5.47 19.98 -5.57 21.07 -5.64 22.17 -5.70 23.26 -5.74 24.36 -5.76 25.45 -5.76 26.55 -5.74 27.64 -5.70 28.74 -5.64 29.83 -5.57 30.93 -5.47 32.02 -5.35 33.11 -5.22 34.19 -5.06 35.28 -4.89 36.36 -4.69 37.44 -4.48 38.51 -4.25 39.58 -3.99 40.65 -3.72 41.71 -3.43 42.77 -3.13 43.82 -2.80 44.87 -2.45 45.90 -2.09 46.94 -1.71 47.97 -1.31 48.99 -0.89 50.00 -0.45 51.00 -0.00 52.00" class="awa-line" />
  <path d="M 28.27 -31.04 28.95 -30.88 29.89 -30.68 31.00 -30.45 32.22 -30.19 33.49 -29.89 34.73 -29.56 35.88 -29.20 36.87 -28.81 37.72 -28.39 38.49 -27.95 39.21 -27.47 39.89 -26.97 40.54 -26.43 41.17 -25.84 41.80 -25.20 42.44 -24.50 43.10 -23.71 43.77 -22.81 44.45 -21.84 45.10 -20.84 45.73 -19.84 46.30 -18.87 46.82 -17.98 47.25 -17.20 47.60 -16.53 47.87 -15.94 48.07 -15.42 48.22 -14.94 48.35 -14.48 48.46 -14.02 48.57 -13.55 48.69 -13.05 48.82 -12.55 48.92 -12.08 49.00 -11.63 49.08 -11.17 49.16 -10.68 49.25 -10.12 49.36 -9.48 49.50 -8.73 49.70 -7.91 49.95 -7.07 50.24 -6.19 50.53 -5.22 50.80 -4.15 51.03 -2.94 51.18 -1.57 51.24 -0.00 51.21 1.88 51.13 4.09 50.99 6.53 50.79 9.07 50.55 11.61 50.25 14.02 49.91 16.20 49.52 18.03 49.12 19.49 48.71 20.71 48.26 21.74 47.76 22.62 47.17 23.41 46.49 24.17 45.67 24.95 44.69 25.80 43.49 26.74 42.05 27.70 40.44 28.67 38.74 29.61 37.03 30.50 35.39 31.31 33.88 32.02 32.59 32.59 31.53 33.03 30.61 33.34 29.81 33.54 29.09 33.67 28.40 33.74 27.72 33.78 27.00 33.80 26.21 33.83 25.39 33.86 24.59 33.86 23.80 33.83 22.99 33.78 22.14 33.69 21.24 33.57 20.26 33.42 19.19 33.24 17.99 33.00 16.65 32.70 15.23 32.35 13.77 31.98 12.29 31.60 10.84 31.23 9.46 30.89 8.20 30.59 6.98 30.32 5.76 30.06 4.56 29.81 3.41 29.58 2.35 29.37 1.41 29.18 0.61 29.02 0.00 28.90" class="polar-curve" stroke="#1F618D" />
  <path d="M -28.27 -31.04 -28.95 -30.88 -29.89 -30.68 -31.00 -30.45 -32.22 -30.19 -33.49 -29.89 -34.73 -29.56 -35.88 -29.20 -36.87 -28.81 -37.72 -28.39 -38.49 -27.95 -39.21 -27.47 -39.89 -26.97 -40.54 -26.43 -41.17 -25.84 -41.80 -25.20 -42.44 -24.50 -43.10 -23.71 -43.77 -22.81 -44.45 -21.84 -45.10 -20.84 -45.73 -19.84 -46.30 -18.87 -46.82 -17.98 -47.25 -17.20 -47.60 -16.53 -47.87 -15.94 -48.07 -15.42 -48.22 -14.94 -48.35 -14.48 -48.46 -14.02 -48.57 -13.55 -48.69 -13.05 -48.82 -12.55 -48.92 -12.08 -49.00 -11.63 -49.08 -11.17 -49.16 -10.68 -49.25 -10.12 -49.36 -9.48 -49.50 -8.73 -49.70 -7.91 -49.95 -7.07 -50.24 -6.19 -50.53 -5.22 -50.80 -4.15 -51.03 -2.94 -51.18 -1.57 -51.24 -0.00 -51.21 1.88 -51.13 4.09 -50.99 6.53 -50.79 9.07 -50.55 11.61 -50.25 14.02 -49.91 16.20 -49.52 18.03 -49.12 19.49 -48.71 20.71 -48.26 21.74 -47.76 22.62 -47.17 23.41 -46.49 24.17 -45.67 24.95 -44.69 25.80 -43.49 26.74 -42.05 27.70 -40.44 28.67 -38.74 29.61 -37.03 30.50 -35.39 31.31 -33.88 32.02 -32.59 32.59 -31.53 33.03 -30.61 33.34 -29.81 33.54 -29.09 33.67 -28.40 33.74 -27.72 33.78 -27.00 33.80 -26.21 33.83 -25.39 33.86 -24.59 33.86 -23.80 33.83 -22.99 33.78 -22.14 33.69 -21.24 33.57 -20.26 33.42 -19.19 33.24 -17.99 33.00 -16.65 32.70 -15.23 32.35 -13.77 31.98 -12.29 31.60 -10.84 31.23 -9.46 30.89 -8.20 30.59 -6.98 30.32 -5.76 30.06 -4.56 29.81 -3.41 29.58 -2.35 29.37 -1.41 29.18 -0.61 29.02 -0.00 28.90" class="polar-curve" stroke="#1F618D" />
  <text x="39.94" y="29.61" class="polar-label" fill="#1F618D">6k</text>
  <path d="M 24.23 -28.34 24.92 -28.14 25.86 -27.88 26.98 -27.58 28.22 -27.23 29.49 -26.85 30.72 -26.44 31.83 -26.03 32.77 -25.60 33.53 -25.17 34.19 -24.73 34.77 -24.27 35.30 -23.79 35.80 -23.28 36.28 -22.74 36.76 -22.15 37.27 -21.52 37.80 -20.80 38.35 -19.99 38.90 -19.12 39.43 -18.23 39.94 -17.33 40.41 -16.48 40.83 -15.69 41.19 -14.99 41.48 -14.40 41.70 -13.89 41.88 -13.43 42.02 -13.01 42.13 -12.61 42.23 -12.22 42.33 -11.81 42.44 -11.37 42.56 -10.94 42.65 -10.54 42.72 -10.15 42.79 -9.75 42.87 -9.32 42.96 -8.83 43.08 -8.28 43.23 -7.62 43.43 -6.91 43.70 -6.18 44.00 -5.41 44.32 -4.57 44.61 -3.64 44.87 -2.58 45.06 -1.38 45.15 -0.00 45.16 1.66 45.12 3.61 45.03 5.77 44.88 8.02 44.69 10.27 44.46 12.41 44.19 14.34 43.88 15.97 43.56 17.28 43.23 18.37 42.86 19.28 42.45 20.07 41.97 20.80 41.41 21.50 40.74 22.24 39.96 23.07 39.01 23.99 37.91 24.98 36.70 25.98 35.41 26.97 34.07 27.92 32.73 28.80 31.43 29.56 30.19 30.19 28.96 30.66 27.67 31.01 26.37 31.26 25.09 31.43 23.86 31.54 22.73 31.62 21.72 31.68 20.88 31.76 20.29 31.84 19.94 31.90 19.76 31.92 19.65 31.92 19.53 31.90 19.32 31.85 18.93 31.78 18.29 31.68 17.36 31.55 16.22 31.37 14.91 31.17 13.51 30.95 12.07 30.71 10.64 30.48 9.28 30.25 8.05 30.05 6.88 29.85 5.70 29.64 4.52 29.43 3.39 29.23 2.33 29.04 1.40 28.87 0.61 28.72 0.00 28.62" class="polar-curve" stroke="#2980B9" />
  <path d="M -24.23 -28.34 -24.92 -28.14 -25.86 -27.88 -26.98 -27.58 -28.22 -27.23 -29.49 -26.85 -30.72 -26.44 -31.83 -26.03 -32.77 -25.60 -33.53 -25.17 -34.19 -24.73 -34.77 -24.27 -35.30 -23.79 -35.80 -23.28 -36.28 -22.74 -36.76 -22.15 -37.27 -21.52 -37.80 -20.80 -38.35 -19.99 -38.90 -19.12 -39.43 -18.23 -39.94 -17.33 -40.41 -16.48 -40.83 -15.69 -41.19 -14.99 -41.48 -14.40 -41.70 -13.89 -41.88 -13.43 -42.02 -13.01 -42.13 -12.61 -42.23 -12.22 -42.33 -11.81 -42.44 -11.37 -42.56 -10.94 -42.65 -10.54 -42.72 -10.15 -42.79 -9.75 -42.87 -9.32 -42.96 -8.83 -43.08 -8.28 -43.23 -7.62 -43.43 -6.91 -43.70 -6.18 -44.00 -5.41 -44.32 -4.57 -44.61 -3.64 -44.87 -2.58 -45.06 -1.38 -45.15 -0.00 -45.16 1.66 -45.12 3.61 -45.03 5.77 -44.88 8.02 -44.69 10.27 -44.46 12.41 -44.19 14.34 -43.88 15.97 -43.56 17.28 -43.23 18.37 -42.86 19.28 -42.45 20.07 -41.97 20.80 -41.41 21.50 -40.74 22.24 -39.96 23.07 -39.01 23.99 -37.91 24.98 -36.70 25.98 -35.41 26.97 -34.07 27.92 -32.73 28.80 -31.43 29.56 -30.19 30.19 -28.96 30.66 -27.67 31.01 -26.37 31.26 -25.09 31.43 -23.86 31.54 -22.73 31.62 -21.72 31.68 -20.88 31.76 -20.29 31.84 -19.94 31.90 -19.76 31.92 -19.65 31.92 -19.53 31.90 -19.32 31.85 -18.93 31.78 -18.29 31.68 -17.36 31.55 -16.22 31.37 -14.91 31.17 -13.51 30.95 -12.07 30.71 -10.64 30.48 -9.28 30.25 -8.05 30.05 -6.88 29.85 -5.70 29.64 -4.52 29.43 -3.39 29.23 -2.33 29.04 -1.40 28.87 -0.61 28.72 -0.00 28.62" class="polar-curve" stroke="#2980B9" />
  <text x="36.61" y="26.97" class="polar-label" fill="#2980B9">8k</text>
  <path d="M 20.45 -25.23 21.11 -25.02 22.02 -24.73 23.11 -24.40 24.29 -24.02 25.51 -23.62 26.69 -23.19 27.74 -22.77 28.60 -22.35 29.29 -21.94 29.86 -21.53 30.35 -21.12 30.78 -20.69 31.17 -20.23 31.54 -19.75 31.93 -19.24 32.34 -18.67 32.79 -18.04 33.25 -17.33 33.71 -16.57 34.16 -15.79 34.59 -15.01 34.99 -14.27 35.34 -13.58 35.65 -12.97 35.89 -12.46 36.09 -12.01 36.24 -11.62 36.36 -11.26 36.46 -10.91 36.55 -10.58 36.64 -10.23 36.75 -9.85 36.85 -9.47 36.95 -9.12 37.04 -8.79 37.13 -8.44 37.21 -8.07 37.29 -7.66 37.38 -7.17 37.47 -6.61 37.58 -5.99 37.70 -5.36 37.82 -4.69 37.95 -3.96 38.07 -3.15 38.17 -2.24 38.24 -1.19 38.29 -0.00 38.32 1.43 38.35 3.12 38.37 4.98 38.36 6.92 38.33 8.86 38.25 10.72 38.12 12.39 37.94 13.81 37.71 14.95 37.46 15.89 37.17 16.69 36.84 17.38 36.44 18.02 35.98 18.65 35.45 19.33 34.82 20.10 34.09 20.98 33.27 21.91 32.37 22.88 31.40 23.85 30.38 24.79 29.32 25.67 28.24 26.47 27.14 27.14 25.95 27.71 24.62 28.19 23.20 28.59 21.77 28.93 20.41 29.22 19.17 29.46 18.13 29.66 17.35 29.84 16.94 29.97 16.86 30.05 17.00 30.07 17.27 30.06 17.53 30.01 17.69 29.96 17.62 29.90 17.23 29.84 16.48 29.78 15.49 29.71 14.30 29.63 12.99 29.53 11.62 29.42 10.25 29.31 8.96 29.20 7.79 29.08 6.69 28.95 5.55 28.80 4.41 28.64 3.31 28.48 2.28 28.32 1.36 28.18 0.59 28.06 0.00 27.97" class="polar-curve" stroke="#2471A3" />
  <path d="M -20.45 -25.23 -21.11 -25.02 -22.02 -24.73 -23.11 -24.40 -24.29 -24.02 -25.51 -23.62 -26.69 -23.19 -27.74 -22.77 -28.60 -22.35 -29.29 -21.94 -29.86 -21.53 -30.35 -21.12 -30.78 -20.69 -31.17 -20.23 -31.54 -19.75 -31.93 -19.24 -32.34 -18.67 -32.79 -18.04 -33.25 -17.33 -33.71 -16.57 -34.16 -15.79 -34.59 -15.01 -34.99 -14.27 -35.34 -13.58 -35.65 -12.97 -35.89 -12.46 -36.09 -12.01 -36.24 -11.62 -36.36 -11.26 -36.46 -10.91 -36.55 -10.58 -36.64 -10.23 -36.75 -9.85 -36.85 -9.47 -36.95 -9.12 -37.04 -8.79 -37.13 -8.44 -37.21 -8.07 -37.29 -7.66 -37.38 -7.17 -37.47 -6.61 -37.58 -5.99 -37.70 -5.36 -37.82 -4.69 -37.95 -3.96 -38.07 -3.15 -38.17 -2.24 -38.24 -1.19 -38.29 -0.00 -38.32 1.43 -38.35 3.12 -38.37 4.98 -38.36 6.92 -38.33 8.86 -38.25 10.72 -38.12 12.39 -37.94 13.81 -37.71 14.95 -37.46 15.89 -37.17 16.69 -36.84 17.38 -36.44 18.02 -35.98 18.65 -35.45 19.33 -34.82 20.10 -34.09 20.98 -33.27 21.91 -32.37 22.88 -31.40 23.85 -30.38 24.79 -29.32 25.67 -28.24 26.47 -27.14 27.14 -25.95 27.71 -24.62 28.19 -23.20 28.59 -21.77 28.93 -20.41 29.22 -19.17 29.46 -18.13 29.66 -17.35 29.84 -16.94 29.97 -16.86 30.05 -17.00 30.07 -17.27 30.06 -17.53 30.01 -17.69 29.96 -17.62 29.90 -17.23 29.84 -16.48 29.78 -15.49 29.71 -14.30 29.63 -12.99 29.53 -11.62 29.42 -10.25 29.31 -8.96 29.20 -7.79 29.08 -6.69 28.95 -5.55 28.80 -4.41 28.64 -3.31 28.48 -2.28 28.32 -1.36 28.18 -0.59 28.06 -0.00 27.97" class="polar-curve" stroke="#2471A3" />
  <text x="32.60" y="23.85" class="polar-label" fill="#2471A3">10k</text>
  <path d="M 17.28 -21.93 17.88 -21.73 18.70 -21.46 19.69 -21.15 20.77 -20.80 21.87 -20.42 22.93 -20.03 23.89 -19.64 24.66 -19.27 25.27 -18.91 25.77 -18.56 26.20 -18.20 26.56 -17.83 26.90 -17.45 27.22 -17.04 27.55 -16.60 27.92 -16.12 28.32 -15.58 28.74 -14.97 29.16 -14.33 29.57 -13.66 29.96 -13.00 30.32 -12.36 30.65 -11.77 30.93 -11.26 31.16 -10.82 31.35 -10.44 31.49 -10.10 31.61 -9.79 31.71 -9.49 31.80 -9.20 31.90 -8.90 32.00 -8.57 32.11 -8.25 32.21 -7.95 32.31 -7.66 32.40 -7.37 32.49 -7.05 32.58 -6.68 32.66 -6.27 32.73 -5.77 32.81 -5.24 32.89 -4.68 32.96 -4.10 33.03 -3.46 33.09 -2.75 33.15 -1.95 33.19 -1.04 33.22 -0.00 33.24 1.25 33.27 2.72 33.30 4.33 33.31 6.02 33.30 7.70 33.26 9.32 33.19 10.79 33.07 12.04 32.92 13.05 32.76 13.91 32.59 14.63 32.37 15.28 32.10 15.88 31.77 16.47 31.37 17.11 30.87 17.82 30.27 18.62 29.57 19.46 28.80 20.33 27.96 21.21 27.08 22.06 26.16 22.88 25.22 23.62 24.29 24.29 23.30 24.87 22.23 25.40 21.11 25.88 19.98 26.31 18.86 26.69 17.79 27.03 16.80 27.33 15.93 27.59 15.18 27.79 14.52 27.93 13.94 28.03 13.42 28.08 12.92 28.10 12.44 28.11 11.96 28.12 11.45 28.13 10.95 28.14 10.51 28.15 10.08 28.13 9.65 28.11 9.21 28.08 8.71 28.04 8.14 27.98 7.48 27.93 6.66 27.85 5.68 27.75 4.61 27.64 3.49 27.52 2.41 27.40 1.43 27.30 0.60 27.21 0.00 27.14" class="polar-curve" stroke="#17A589" />
  <path d="M -17.28 -21.93 -17.88 -21.73 -18.70 -21.46 -19.69 -21.15 -20.77 -20.80 -21.87 -20.42 -22.93 -20.03 -23.89 -19.64 -24.66 -19.27 -25.27 -18.91 -25.77 -18.56 -26.20 -18.20 -26.56 -17.83 -26.90 -17.45 -27.22 -17.04 -27.55 -16.60 -27.92 -16.12 -28.32 -15.58 -28.74 -14.97 -29.16 -14.33 -29.57 -13.66 -29.96 -13.00 -30.32 -12.36 -30.65 -11.77 -30.93 -11.26 -31.16 -10.82 -31.35 -10.44 -31.49 -10.10 -31.61 -9.79 -31.71 -9.49 -31.80 -9.20 -31.90 -8.90 -32.00 -8.57 -32.11 -8.25 -32.21 -7.95 -32.31 -7.66 -32.40 -7.37 -32.49 -7.05 -32.58 -6.68 -32.66 -6.27 -32.73 -5.77 -32.81 -5.24 -32.89 -4.68 -32.96 -4.10 -33.03 -3.46 -33.09 -2.75 -33.15 -1.95 -33.19 -1.04 -33.22 -0.00 -33.24 1.25 -33.27 2.72 -33.30 4.33 -33.31 6.02 -33.30 7.70 -33.26 9.32 -33.19 10.79 -33.07 12.04 -32.92 13.05 -32.76 13.91 -32.59 14.63 -32.37 15.28 -32.10 15.88 -31.77 16.47 -31.37 17.11 -30.87 17.82 -30.27 18.62 -29.57 19.46 -28.80 20.33 -27.96 21.21 -27.08 22.06 -26.16 22.88 -25.22 23.62 -24.29 24.29 -23.30 24.87 -22.23 25.40 -21.11 25.88 -19.98 26.31 -18.86 26.69 -17.79 27.03 -16.80 27.33 -15.93 27.59 -15.18 27.79 -14.52 27.93 -13.94 28.03 -13.42 28.08 -12.92 28.10 -12.44 28.11 -11.96 28.12 -11.45 28.13 -10.95 28.14 -10.51 28.15 -10.08 28.13 -9.65 28.11 -9.21 28.08 -8.71 28.04 -8.14 27.98 -7.48 27.93 -6.66 27.85 -5.68 27.75 -4.61 27.64 -3.49 27.52 -2.41 27.40 -1.43 27.30 -0.60 27.21 -0.00 27.14" class="polar-curve" stroke="#17A589" />
  <text x="29.16" y="21.21" class="polar-label" fill="#17A589">12k</text>
  <path d="M 14.99 -19.18 15.51 -19.00 16.24 -18.76 17.10 -18.47 18.05 -18.15 19.02 -17.81 19.95 -17.45 20.79 -17.10 21.47 -16.77 22.00 -16.45 22.43 -16.14 22.80 -15.83 23.11 -15.51 23.40 -15.18 23.68 -14.82 23.98 -14.44 24.30 -14.03 24.67 -13.57 25.05 -13.05 25.44 -12.49 25.82 -11.92 26.19 -11.36 26.54 -10.81 26.85 -10.31 27.12 -9.87 27.33 -9.49 27.51 -9.16 27.65 -8.87 27.77 -8.60 27.87 -8.35 27.97 -8.09 28.06 -7.83 28.17 -7.55 28.28 -7.27 28.39 -7.01 28.49 -6.76 28.58 -6.50 28.67 -6.22 28.77 -5.90 28.86 -5.54 28.94 -5.10 29.04 -4.63 29.14 -4.14 29.25 -3.63 29.35 -3.06 29.44 -2.44 29.52 -1.73 29.58 -0.92 29.61 -0.00 29.62 1.10 29.62 2.39 29.60 3.82 29.56 5.30 29.51 6.79 29.44 8.22 29.35 9.53 29.25 10.65 29.15 11.57 29.07 12.36 28.99 13.04 28.88 13.65 28.74 14.22 28.53 14.80 28.24 15.41 27.86 16.08 27.37 16.83 26.79 17.63 26.13 18.46 25.41 19.28 24.64 20.09 23.84 20.86 23.02 21.57 22.19 22.19 21.33 22.73 20.42 23.22 19.48 23.66 18.51 24.05 17.52 24.41 16.53 24.73 15.55 25.02 14.60 25.28 13.61 25.52 12.55 25.71 11.46 25.86 10.40 25.98 9.39 26.08 8.48 26.16 7.71 26.23 7.13 26.30 6.82 26.35 6.76 26.38 6.87 26.38 7.06 26.38 7.26 26.36 7.38 26.34 7.34 26.32 7.05 26.30 6.45 26.27 5.61 26.24 4.60 26.19 3.52 26.15 2.43 26.10 1.43 26.06 0.59 26.03 0.00 26.00" class="polar-curve" stroke="#138D75" />
  <path d="M -14.99 -19.18 -15.51 -19.00 -16.24 -18.76 -17.10 -18.47 -18.05 -18.15 -19.02 -17.81 -19.95 -17.45 -20.79 -17.10 -21.47 -16.77 -22.00 -16.45 -22.43 -16.14 -22.80 -15.83 -23.11 -15.51 -23.40 -15.18 -23.68 -14.82 -23.98 -14.44 -24.30 -14.03 -24.67 -13.57 -25.05 -13.05 -25.44 -12.49 -25.82 -11.92 -26.19 -11.36 -26.54 -10.81 -26.85 -10.31 -27.12 -9.87 -27.33 -9.49 -27.51 -9.16 -27.65 -8.87 -27.77 -8.60 -27.87 -8.35 -27.97 -8.09 -28.06 -7.83 -28.17 -7.55 -28.28 -7.27 -28.39 -7.01 -28.49 -6.76 -28.58 -6.50 -28.67 -6.22 -28.77 -5.90 -28.86 -5.54 -28.94 -5.10 -29.04 -4.63 -29.14 -4.14 -29.25 -3.63 -29.35 -3.06 -29.44 -2.44 -29.52 -1.73 -29.58 -0.92 -29.61 -0.00 -29.62 1.10 -29.62 2.39 -29.60 3.82 -29.56 5.30 -29.51 6.79 -29.44 8.22 -29.35 9.53 -29.25 10.65 -29.15 11.57 -29.07 12.36 -28.99 13.04 -28.88 13.65 -28.74 14.22 -28.53 14.80 -28.24 15.41 -27.86 16.08 -27.37 16.83 -26.79 17.63 -26.13 18.46 -25.41 19.28 -24.64 20.09 -23.84 20.86 -23.02 21.57 -22.19 22.19 -21.33 22.73 -20.42 23.22 -19.48 23.66 -18.51 24.05 -17.52 24.41 -16.53 24.73 -15.55 25.02 -14.60 25.28 -13.61 25.52 -12.55 25.71 -11.46 25.86 -10.40 25.98 -9.39 26.08 -8.48 26.16 -7.71 26.23 -7.13 26.30 -6.82 26.35 -6.76 26.38 -6.87 26.38 -7.06 26.38 -7.26 26.36 -7.38 26.34 -7.34 26.32 -7.05 26.30 -6.45 26.27 -5.61 26.24 -4.60 26.19 -3.52 26.15 -2.43 26.10 -1.43 26.06 -0.59 26.03 -0.00 26.00" class="polar-curve" stroke="#138D75" />
  <text x="26.61" y="19.28" class="polar-label" fill="#138D75">14k</text>
  <path d="M 13.44 -16.96 13.89 -16.80 14.50 -16.58 15.23 -16.32 16.04 -16.03 16.86 -15.73 17.66 -15.41 18.37 -15.10 18.95 -14.81 19.41 -14.53 19.79 -14.25 20.12 -13.98 20.40 -13.70 20.66 -13.40 20.91 -13.09 21.18 -12.76 21.48 -12.40 21.80 -11.99 22.15 -11.54 22.50 -11.05 22.84 -10.55 23.18 -10.05 23.50 -9.57 23.78 -9.13 24.03 -8.74 24.23 -8.41 24.39 -8.12 24.53 -7.87 24.64 -7.63 24.74 -7.41 24.84 -7.19 24.94 -6.96 25.04 -6.71 25.16 -6.46 25.26 -6.24 25.37 -6.02 25.47 -5.79 25.56 -5.55 25.66 -5.27 25.76 -4.95 25.87 -4.56 25.98 -4.14 26.11 -3.71 26.24 -3.25 26.38 -2.74 26.50 -2.18 26.60 -1.55 26.68 -0.83 26.73 -0.00 26.74 0.99 26.73 2.15 26.69 3.42 26.64 4.76 26.57 6.10 26.48 7.38 26.40 8.56 26.30 9.57 26.23 10.41 26.17 11.12 26.11 11.74 26.04 12.29 25.93 12.82 25.78 13.36 25.56 13.93 25.25 14.58 24.87 15.31 24.42 16.10 23.91 16.93 23.34 17.76 22.73 18.58 22.08 19.36 21.40 20.06 20.68 20.68 19.91 21.20 19.08 21.66 18.20 22.06 17.28 22.41 16.34 22.72 15.40 23.01 14.47 23.27 13.57 23.51 12.66 23.73 11.69 23.91 10.70 24.07 9.72 24.19 8.78 24.29 7.93 24.38 7.18 24.45 6.57 24.52 6.15 24.57 5.91 24.60 5.79 24.61 5.73 24.61 5.70 24.59 5.62 24.58 5.45 24.56 5.13 24.56 4.63 24.55 3.99 24.55 3.25 24.54 2.48 24.53 1.71 24.52 1.01 24.51 0.42 24.50 0.00 24.50" class="polar-curve" stroke="#D4AC0D" />
  <path d="M -13.44 -16.96 -13.89 -16.80 -14.50 -16.58 -15.23 -16.32 -16.04 -16.03 -16.86 -15.73 -17.66 -15.41 -18.37 -15.10 -18.95 -14.81 -19.41 -14.53 -19.79 -14.25 -20.12 -13.98 -20.40 -13.70 -20.66 -13.40 -20.91 -13.09 -21.18 -12.76 -21.48 -12.40 -21.80 -11.99 -22.15 -11.54 -22.50 -11.05 -22.84 -10.55 -23.18 -10.05 -23.50 -9.57 -23.78 -9.13 -24.03 -8.74 -24.23 -8.41 -24.39 -8.12 -24.53 -7.87 -24.64 -7.63 -24.74 -7.41 -24.84 -7.19 -24.94 -6.96 -25.04 -6.71 -25.16 -6.46 -25.26 -6.24 -25.37 -6.02 -25.47 -5.79 -25.56 -5.55 -25.66 -5.27 -25.76 -4.95 -25.87 -4.56 -25.98 -4.14 -26.11 -3.71 -26.24 -3.25 -26.38 -2.74 -26.50 -2.18 -26.60 -1.55 -26.68 -0.83 -26.73 -0.00 -26.74 0.99 -26.73 2.15 -26.69 3.42 -26.64 4.76 -26.57 6.10 -26.48 7.38 -26.40 8.56 -26.30 9.57 -26.23 10.41 -26.17 11.12 -26.11 11.74 -26.04 12.29 -25.93 12.82 -25.78 13.36 -25.56 13.93 -25.25 14.58 -24.87 15.31 -24.42 16.10 -23.91 16.93 -23.34 17.76 -22.73 18.58 -22.08 19.36 -21.40 20.06 -20.68 20.68 -19.91 21.20 -19.08 21.66 -18.20 22.06 -17.28 22.41 -16.34 22.72 -15.40 23.01 -14.47 23.27 -13.57 23.51 -12.66 23.73 -11.69 23.91 -10.70 24.07 -9.72 24.19 -8.78 24.29 -7.93 24.38 -7.18 24.45 -6.57 24.52 -6.15 24.57 -5.91 24.60 -5.79 24.61 -5.73 24.61 -5.70 24.59 -5.62 24.58 -5.45 24.56 -5.13 24.56 -4.63 24.55 -3.99 24.55 -3.25 24.54 -2.48 24.53 -1.71 24.52 -1.01 24.51 -0.42 24.50 -0.00 24.50" class="polar-curve" stroke="#D4AC0D" />
  <text x="24.54" y="17.76" class="polar-label" fill="#D4AC0D">16k</text>
  <path d="M 10.96 -13.64 11.31 -13.51 11.79 -13.34 12.36 -13.14 12.99 -12.91 13.64 -12.67 14.26 -12.42 14.82 -12.17 15.28 -11.94 15.65 -11.72 15.95 -11.50 16.22 -11.28 16.45 -11.05 16.67 -10.82 16.88 -10.57 17.11 -10.31 17.35 -10.02 17.63 -9.69 17.92 -9.33 18.22 -8.94 18.51 -8.55 18.80 -8.15 19.07 -7.77 19.32 -7.42 19.53 -7.11 19.70 -6.84 19.85 -6.61 19.97 -6.41 20.07 -6.22 20.16 -6.04 20.25 -5.86 20.34 -5.68 20.44 -5.48 20.54 -5.28 20.63 -5.10 20.72 -4.92 20.81 -4.74 20.90 -4.54 20.99 -4.32 21.09 -4.05 21.20 -3.74 21.33 -3.40 21.48 -3.04 21.64 -2.67 21.80 -2.26 21.95 -1.80 22.09 -1.28 22.20 -0.69 22.27 -0.00 22.31 0.82 22.32 1.79 22.30 2.86 22.27 3.97 22.22 5.10 22.17 6.18 22.11 7.17 22.06 8.03 22.02 8.73 21.99 9.33 21.95 9.84 21.91 10.30 21.86 10.76 21.78 11.24 21.66 11.78 21.51 12.42 21.33 13.18 21.16 14.05 20.96 14.98 20.74 15.94 20.46 16.88 20.12 17.76 19.70 18.54 19.18 19.18 18.53 19.68 17.77 20.07 16.92 20.39 16.00 20.63 15.05 20.83 14.10 21.00 13.18 21.16 12.31 21.32 11.45 21.48 10.54 21.60 9.62 21.69 8.72 21.77 7.87 21.82 7.09 21.87 6.42 21.91 5.88 21.95 5.53 21.98 5.36 22.00 5.31 22.00 5.32 22.00 5.35 21.99 5.34 21.98 5.22 21.97 4.95 21.96 4.49 21.96 3.88 21.95 3.17 21.95 2.42 21.94 1.67 21.93 0.98 21.93 0.41 21.92 0.00 21.92" class="polar-curve" stroke="#CA6F1E" />
  <path d="M -10.96 -13.64 -11.31 -13.51 -11.79 -13.34 -12.36 -13.14 -12.99 -12.91 -13.64 -12.67 -14.26 -12.42 -14.82 -12.17 -15.28 -11.94 -15.65 -11.72 -15.95 -11.50 -16.22 -11.28 -16.45 -11.05 -16.67 -10.82 -16.88 -10.57 -17.11 -10.31 -17.35 -10.02 -17.63 -9.69 -17.92 -9.33 -18.22 -8.94 -18.51 -8.55 -18.80 -8.15 -19.07 -7.77 -19.32 -7.42 -19.53 -7.11 -19.70 -6.84 -19.85 -6.61 -19.97 -6.41 -20.07 -6.22 -20.16 -6.04 -20.25 -5.86 -20.34 -5.68 -20.44 -5.48 -20.54 -5.28 -20.63 -5.10 -20.72 -4.92 -20.81 -4.74 -20.90 -4.54 -20.99 -4.32 -21.09 -4.05 -21.20 -3.74 -21.33 -3.40 -21.48 -3.04 -21.64 -2.67 -21.80 -2.26 -21.95 -1.80 -22.09 -1.28 -22.20 -0.69 -22.27 -0.00 -22.31 0.82 -22.32 1.79 -22.30 2.86 -22.27 3.97 -22.22 5.10 -22.17 6.18 -22.11 7.17 -22.06 8.03 -22.02 8.73 -21.99 9.33 -21.95 9.84 -21.91 10.30 -21.86 10.76 -21.78 11.24 -21.66 11.78 -21.51 12.42 -21.33 13.18 -21.16 14.05 -20.96 14.98 -20.74 15.94 -20.46 16.88 -20.12 17.76 -19.70 18.54 -19.18 19.18 -18.53 19.68 -17.77 20.07 -16.92 20.39 -16.00 20.63 -15.05 20.83 -14.10 21.00 -13.18 21.16 -12.31 21.32 -11.45 21.48 -10.54 21.60 -9.62 21.69 -8.72 21.77 -7.87 21.82 -7.09 21.87 -6.42 21.91 -5.88 21.95 -5.53 21.98 -5.36 22.00 -5.31 22.00 -5.32 22.00 -5.35 21.99 -5.34 21.98 -5.22 21.97 -4.95 21.96 -4.49 21.96 -3.88 21.95 -3.17 21.95 -2.42 21.94 -1.67 21.93 -0.98 21.93 -0.41 21.92 -0.00 21.92" class="polar-curve" stroke="#CA6F1E" />
  <text x="21.94" y="15.94" class="polar-label" fill="#CA6F1E">20k</text>
  <path d="M 9.46 -11.01 9.71 -10.92 10.06 -10.81 10.48 -10.68 10.94 -10.54 11.41 -10.38 11.86 -10.21 12.28 -10.04 12.63 -9.87 12.92 -9.70 13.16 -9.52 13.38 -9.35 13.58 -9.16 13.77 -8.96 13.96 -8.76 14.15 -8.53 14.37 -8.30 14.61 -8.03 14.87 -7.74 15.13 -7.43 15.40 -7.10 15.66 -6.78 15.90 -6.47 16.12 -6.19 16.31 -5.94 16.47 -5.72 16.60 -5.53 16.71 -5.36 16.80 -5.21 16.89 -5.06 16.97 -4.91 17.05 -4.76 17.14 -4.59 17.23 -4.43 17.32 -4.28 17.40 -4.13 17.48 -3.98 17.57 -3.82 17.66 -3.63 17.76 -3.41 17.86 -3.15 17.99 -2.86 18.14 -2.57 18.30 -2.26 18.47 -1.91 18.62 -1.53 18.77 -1.09 18.88 -0.58 18.97 -0.00 19.01 0.70 19.02 1.52 19.01 2.42 18.98 3.37 18.94 4.33 18.91 5.26 18.88 6.12 18.87 6.87 18.88 7.49 18.90 8.01 18.93 8.46 18.96 8.88 18.99 9.30 19.01 9.77 19.02 10.32 19.02 10.98 19.00 11.79 18.98 12.74 18.96 13.77 18.92 14.84 18.87 15.90 18.81 16.92 18.72 17.83 18.61 18.61 18.48 19.26 18.35 19.84 18.21 20.36 18.05 20.81 17.85 21.20 17.61 21.52 17.32 21.78 16.95 21.97 16.53 22.08 16.04 22.07 15.51 21.99 14.93 21.85 14.30 21.68 13.65 21.50 12.97 21.35 12.26 21.24 11.51 21.16 10.70 21.08 9.84 21.01 8.96 20.94 8.07 20.87 7.19 20.81 6.34 20.75 5.55 20.70 4.76 20.65 3.95 20.60 3.14 20.56 2.35 20.52 1.62 20.49 0.97 20.46 0.42 20.44 0.00 20.42" class="polar-curve" stroke="#922B21" />
  <path d="M -9.46 -11.01 -9.71 -10.92 -10.06 -10.81 -10.48 -10.68 -10.94 -10.54 -11.41 -10.38 -11.86 -10.21 -12.28 -10.04 -12.63 -9.87 -12.92 -9.70 -13.16 -9.52 -13.38 -9.35 -13.58 -9.16 -13.77 -8.96 -13.96 -8.76 -14.15 -8.53 -14.37 -8.30 -14.61 -8.03 -14.87 -7.74 -15.13 -7.43 -15.40 -7.10 -15.66 -6.78 -15.90 -6.47 -16.12 -6.19 -16.31 -5.94 -16.47 -5.72 -16.60 -5.53 -16.71 -5.36 -16.80 -5.21 -16.89 -5.06 -16.97 -4.91 -17.05 -4.76 -17.14 -4.59 -17.23 -4.43 -17.32 -4.28 -17.40 -4.13 -17.48 -3.98 -17.57 -3.82 -17.66 -3.63 -17.76 -3.41 -17.86 -3.15 -17.99 -2.86 -18.14 -2.57 -18.30 -2.26 -18.47 -1.91 -18.62 -1.53 -18.77 -1.09 -18.88 -0.58 -18.97 -0.00 -19.01 0.70 -19.02 1.52 -19.01 2.42 -18.98 3.37 -18.94 4.33 -18.91 5.26 -18.88 6.12 -18.87 6.87 -18.88 7.49 -18.90 8.01 -18.93 8.46 -18.96 8.88 -18.99 9.30 -19.01 9.77 -19.02 10.32 -19.02 10.98 -19.00 11.79 -18.98 12.74 -18.96 13.77 -18.92 14.84 -18.87 15.90 -18.81 16.92 -18.72 17.83 -18.61 18.61 -18.48 19.26 -18.35 19.84 -18.21 20.36 -18.05 20.81 -17.85 21.20 -17.61 21.52 -17.32 21.78 -16.95 21.97 -16.53 22.08 -16.04 22.07 -15.51 21.99 -14.93 21.85 -14.30 21.68 -13.65 21.50 -12.97 21.35 -12.26 21.24 -11.51 21.16 -10.70 21.08 -9.84 21.01 -8.96 20.94 -8.07 20.87 -7.19 20.81 -6.34 20.75 -5.55 20.70 -4.76 20.65 -3.95 20.60 -3.14 20.56 -2.35 20.52 -1.62 20.49 -0.97 20.46 -0.42 20.44 -0.00 20.42" class="polar-curve" stroke="#922B21" />
  <text x="20.12" y="14.84" class="polar-label" fill="#922B21">24k</text>
</svg>