<svg xmlns="http://www.w3.org/2000/svg" width="180.0mm" height="180.0mm" viewBox="-90.00 -90.00 180.00 180.00">
  <defs>
    <style>
      .bg { fill: #FFFFFF; }
      .boundary { stroke: #BDC3C7; stroke-width: 0.5; fill: none; stroke-dasharray: 2,2; }
      .rotor-edge { stroke: #2C3E50; stroke-width: 0.8; fill: none; }
      .center-hole { stroke: #E74C3C; stroke-width: 0.5; fill: none; }
      .grid-line { stroke: #E0E0E0; stroke-width: 0.35; fill: none; }
      .grid-text { font-family: sans-serif; font-size: 2.2px; fill: #7F8C8D; text-anchor: middle; }
      .sector-beat { fill: #2ECC71; fill-opacity: 0.18; stroke: #27AE60; stroke-width: 0.4; }
      .sector-gybe { fill: #E74C3C; fill-opacity: 0.18; stroke: #C0392B; stroke-width: 0.4; }
      .compass-tick { stroke: #2C3E50; stroke-width: 0.4; }
      .compass-text { font-family: sans-serif; font-weight: bold; font-size: 2.6px; fill: #2C3E50; text-anchor: middle; dominant-baseline: central; }
      .polar-curve { fill: none; stroke-width: 0.65; }
      .polar-label { font-family: sans-serif; font-weight: bold; font-size: 2.3px; dominant-baseline: central; }
      .awa-line { fill: none; stroke: #2980B9; stroke-width: 0.45; stroke-dasharray: 2.5,1.2; }
      .awa-label { font-family: sans-serif; font-size: 2.0px; fill: #1B4F72; text-anchor: middle; dominant-baseline: central; }
      .title-text { font-family: sans-serif; font-weight: bold; font-size: 3.2px; fill: #2C3E50; text-anchor: middle; }
      .sub-text { font-family: sans-serif; font-size: 2.0px; fill: #7F8C8D; text-anchor: middle; }
      .tack-label { font-family: sans-serif; font-weight: bold; font-size: 2.4px; fill: #27AE60; text-anchor: middle; }
      .gybe-label { font-family: sans-serif; font-weight: bold; font-size: 2.4px; fill: #C0392B; text-anchor: middle; }
    </style>
  </defs>
  <!-- Hintergrund & Begrenzungen -->
  <circle cx="0" cy="0" r="75.0" class="bg" />
  <circle cx="0" cy="0" r="75.0" class="rotor-edge" />
  <circle cx="0" cy="0" r="1.5" class="center-hole" />

  <polygon points="0.00,-74.50 -2.50,-69.00 0.00,-70.50 2.50,-69.00" fill="#C0392B" stroke="#962D22" stroke-width="0.3" />
  <text x="0" y="-66.50" class="compass-text" fill="#C0392B">TRUE WIND</text>
  <path d="M 40.63 -52.01 L 46.17 -59.10 A 75.0 75.0 0 0 1 50.18 -55.74 L 44.16 -49.05 A 66.0 66.0 0 0 0 40.63 -52.01 Z" class="sector-beat" />
  <text x="45.32" y="-54.01" class="tack-label" transform="rotate(-50.0 45.32 -54.01)">TACK 40°</text>
  <path d="M -44.16 -49.05 L -50.18 -55.74 A 75.0 75.0 0 0 0 -46.17 -59.10 L -40.63 -52.01 A 66.0 66.0 0 0 1 -44.16 -49.05 Z" class="sector-beat" />
  <text x="-45.32" y="-54.01" class="tack-label" transform="rotate(50.0 -45.32 -54.01)">TACK 40°</text>
  <path d="M 37.86 54.06 L 43.02 61.44 A 75.0 75.0 0 0 1 19.41 72.44 L 17.08 63.75 A 66.0 66.0 0 0 0 37.86 54.06 Z" class="sector-gybe" />
  <text x="29.79" y="63.89" class="gybe-label" transform="rotate(65.0 29.79 63.89)">GYBE 155°</text>
  <path d="M -17.08 63.75 L -19.41 72.44 A 75.0 75.0 0 0 0 -43.02 61.44 L -37.86 54.06 A 66.0 66.0 0 0 1 -17.08 63.75 Z" class="sector-gybe" />
  <text x="-29.79" y="63.89" class="gybe-label" transform="rotate(-65.0 -29.79 63.89)">GYBE 155°</text>
  <line x1="13.02" y1="-73.86" x2="12.71" y2="-72.09" class="compass-tick" />
  <line x1="-13.02" y1="-73.86" x2="-12.71" y2="-72.09" class="compass-tick" />
  <line x1="25.65" y1="-70.48" x2="25.04" y2="-68.79" class="compass-tick" />
  <line x1="-25.65" y1="-70.48" x2="-25.04" y2="-68.79" class="compass-tick" />
  <line x1="37.50" y1="-64.95" x2="35.90" y2="-62.18" class="compass-tick" />
  <text x="35.00" y="-60.62" class="compass-text">30°</text>
  <line x1="-37.50" y1="-64.95" x2="-35.90" y2="-62.18" class="compass-tick" />
  <text x="-35.00" y="-60.62" class="compass-text">30°</text>
  <line x1="48.21" y1="-57.45" x2="47.05" y2="-56.07" class="compass-tick" />
  <line x1="-48.21" y1="-57.45" x2="-47.05" y2="-56.07" class="compass-tick" />
  <line x1="57.45" y1="-48.21" x2="56.07" y2="-47.05" class="compass-tick" />
  <line x1="-57.45" y1="-48.21" x2="-56.07" y2="-47.05" class="compass-tick" />
  <line x1="64.95" y1="-37.50" x2="62.18" y2="-35.90" class="compass-tick" />
  <text x="60.62" y="-35.00" class="compass-text">60°</text>
  <line x1="-64.95" y1="-37.50" x2="-62.18" y2="-35.90" class="compass-tick" />
  <text x="-60.62" y="-35.00" class="compass-text">60°</text>
  <line x1="70.48" y1="-25.65" x2="68.79" y2="-25.04" class="compass-tick" />
  <line x1="-70.48" y1="-25.65" x2="-68.79" y2="-25.04" class="compass-tick" />
  <line x1="73.86" y1="-13.02" x2="72.09" y2="-12.71" class="compass-tick" />
  <line x1="-73.86" y1="-13.02" x2="-72.09" y2="-12.71" class="compass-tick" />
  <line x1="75.00" y1="-0.00" x2="71.80" y2="-0.00" class="compass-tick" />
  <text x="70.00" y="-0.00" class="compass-text">90°</text>
  <line x1="-75.00" y1="-0.00" x2="-71.80" y2="-0.00" class="compass-tick" />
  <text x="-70.00" y="-0.00" class="compass-text">90°</text>
  <line x1="73.86" y1="13.02" x2="72.09" y2="12.71" class="compass-tick" />
  <line x1="-73.86" y1="13.02" x2="-72.09" y2="12.71" class="compass-tick" />
  <line x1="70.48" y1="25.65" x2="68.79" y2="25.04" class="compass-tick" />
  <line x1="-70.48" y1="25.65" x2="-68.79" y2="25.04" class="compass-tick" />
  <line x1="64.95" y1="37.50" x2="62.18" y2="35.90" class="compass-tick" />
  <text x="60.62" y="35.00" class="compass-text">120°</text>
  <line x1="-64.95" y1="37.50" x2="-62.18" y2="35.90" class="compass-tick" />
  <text x="-60.62" y="35.00" class="compass-text">120°</text>
  <line x1="57.45" y1="48.21" x2="56.07" y2="47.05" class="compass-tick" />
  <line x1="-57.45" y1="48.21" x2="-56.07" y2="47.05" class="compass-tick" />
  <line x1="48.21" y1="57.45" x2="47.05" y2="56.07" class="compass-tick" />
  <line x1="-48.21" y1="57.45" x2="-47.05" y2="56.07" class="compass-tick" />
  <line x1="37.50" y1="64.95" x2="35.90" y2="62.18" class="compass-tick" />
  <text x="35.00" y="60.62" class="compass-text">150°</text>
  <line x1="-37.50" y1="64.95" x2="-35.90" y2="62.18" class="compass-tick" />
  <text x="-35.00" y="60.62" class="compass-text">150°</text>
  <line x1="25.65" y1="70.48" x2="25.04" y2="68.79" class="compass-tick" />
  <line x1="-25.65" y1="70.48" x2="-25.04" y2="68.79" class="compass-tick" />
  <line x1="13.02" y1="73.86" x2="12.71" y2="72.09" class="compass-tick" />
  <line x1="-13.02" y1="73.86" x2="-12.71" y2="72.09" class="compass-tick" />
  <text x="0" y="24.0" class="title-text">WEG A: NORMIERTE POLAREN (RATIO)</text>
  <text x="0" y="28.0" class="sub-text">Exakte Fasskreise über Sehne L = 54 mm | JPK 1080 TRUE GRIT</text>
  <circle cx="0" cy="0" r="10.80" class="grid-line" />
  <text x="9.80" y="2.5" class="grid-text">0.2</text>
  <circle cx="0" cy="0" r="21.60" class="grid-line" />
  <text x="20.60" y="2.5" class="grid-text">0.4</text>
  <circle cx="0" cy="0" r="32.40" class="grid-line" />
  <text x="31.40" y="2.5" class="grid-text">0.6</text>
  <circle cx="0" cy="0" r="43.20" class="grid-line" />
  <text x="42.20" y="2.5" class="grid-text">0.8</text>
  <circle cx="0" cy="0" r="54.00" class="grid-line" />
  <text x="53.00" y="2.5" class="grid-text">1.0</text>
  <line x1="0" y1="0" x2="0" y2="-54.00" stroke="#C0392B" stroke-width="0.9" stroke-linecap="round" />
  <circle cx="0" cy="-54.00" r="1.2" fill="#C0392B" />
  <text x="0" y="-56.50" class="awa-label" font-weight="bold" fill="#C0392B">P1 (Windpol)</text>
  <path d="M 0 0 A 57.51 57.51 0 0 0 0 -54.00" class="awa-line" />
  <path d="M 0 0 A 57.51 57.51 0 0 1 0 -54.00" class="awa-line" />
  <path d="M 0 0 A 50.95 50.95 0 0 0 0 -54.00" class="awa-line" />
  <text x="29.64" y="-18.81" class="awa-label">32°</text>
  <path d="M 0 0 A 50.95 50.95 0 0 1 0 -54.00" class="awa-line" />
  <path d="M 0 0 A 45.94 45.94 0 0 0 0 -54.00" class="awa-line" />
  <path d="M 0 0 A 45.94 45.94 0 0 1 0 -54.00" class="awa-line" />
  <path d="M 0 0 A 42.00 42.00 0 0 0 0 -54.00" class="awa-line" />
  <text x="33.38" y="-10.85" class="awa-label">40°</text>
  <path d="M 0 0 A 42.00 42.00 0 0 1 0 -54.00" class="awa-line" />
  <path d="M 0 0 A 38.18 38.18 0 0 0 0 -54.00" class="awa-line" />
  <path d="M 0 0 A 38.18 38.18 0 0 1 0 -54.00" class="awa-line" />
  <path d="M 0 0 A 35.25 35.25 0 0 0 0 -54.00" class="awa-line" />
  <text x="31.72" y="-0.00" class="awa-label">50°</text>
  <path d="M 0 0 A 35.25 35.25 0 0 1 0 -54.00" class="awa-line" />
  <path d="M 0 0 A 31.18 31.18 0 0 0 0 -54.00" class="awa-line" />
  <path d="M 0 0 A 31.18 31.18 0 0 1 0 -54.00" class="awa-line" />
  <path d="M 0 0 A 27.95 27.95 0 0 0 0 -54.00" class="awa-line" />
  <text x="17.79" y="17.79" class="awa-label">75°</text>
  <path d="M 0 0 A 27.95 27.95 0 0 1 0 -54.00" class="awa-line" />
  <path d="M 0 0 A 27.00 27.00 0 0 0 0 -54.00" class="awa-line" />
  <text x="15.62" y="18.61" class="awa-label">90°</text>
  <path d="M 0 0 A 27.00 27.00 0 0 1 0 -54.00" class="awa-line" />
  <path d="M 0 0 A 28.73 28.73 0 1 0 0 -54.00" class="awa-line" />
  <text x="16.62" y="19.81" class="awa-label">110°</text>
  <path d="M 0 0 A 28.73 28.73 0 1 1 0 -54.00" class="awa-line" />
  <path d="M 0 0 A 38.18 38.18 0 1 0 0 -54.00" class="awa-line" />
  <path d="M 0 0 A 38.18 38.18 0 1 1 0 -54.00" class="awa-line" />
  <path d="M 29.36 -32.23 30.07 -32.07 31.04 -31.86 32.19 -31.62 33.46 -31.35 34.78 -31.04 36.07 -30.70 37.26 -30.32 38.29 -29.91 39.17 -29.48 39.97 -29.02 40.72 -28.53 41.42 -28.01 42.10 -27.44 42.75 -26.83 43.40 -26.17 44.07 -25.44 44.76 -24.62 45.46 -23.69 46.16 -22.68 46.84 -21.64 47.49 -20.60 48.09 -19.60 48.62 -18.67 49.07 -17.86 49.43 -17.17 49.71 -16.56 49.92 -16.01 50.08 -15.51 50.21 -15.03 50.32 -14.56 50.44 -14.07 50.57 -13.55 50.70 -13.03 50.80 -12.55 50.89 -12.08 50.97 -11.60 51.05 -11.09 51.14 -10.51 51.26 -9.85 51.41 -9.06 51.61 -8.22 51.87 -7.35 52.17 -6.42 52.47 -5.42 52.75 -4.31 52.99 -3.05 53.15 -1.63 53.21 -0.00 53.18 1.95 53.09 4.25 52.95 6.78 52.75 9.42 52.49 12.05 52.19 14.56 51.83 16.82 51.43 18.72 51.01 20.24 50.58 21.51 50.12 22.57 49.59 23.49 48.99 24.31 48.27 25.10 47.42 25.91 46.41 26.80 45.16 27.77 43.66 28.77 41.99 29.77 40.23 30.75 38.46 31.67 36.75 32.51 35.18 33.25 33.85 33.85 32.74 34.30 31.79 34.62 30.96 34.83 30.20 34.97 29.49 35.04 28.78 35.08 28.04 35.10 27.22 35.13 26.37 35.16 25.54 35.16 24.72 35.13 23.87 35.07 22.99 34.99 22.06 34.86 21.04 34.71 19.93 34.51 18.68 34.27 17.29 33.95 15.82 33.60 14.30 33.21 12.76 32.82 11.26 32.43 9.83 32.08 8.51 31.77 7.25 31.49 5.98 31.22 4.73 30.96 3.54 30.72 2.44 30.50 1.46 30.30 0.64 30.14 0.00 30.01" class="polar-curve" stroke="#1F618D" />
  <path d="M -29.36 -32.23 -30.07 -32.07 -31.04 -31.86 -32.19 -31.62 -33.46 -31.35 -34.78 -31.04 -36.07 -30.70 -37.26 -30.32 -38.29 -29.91 -39.17 -29.48 -39.97 -29.02 -40.72 -28.53 -41.42 -28.01 -42.10 -27.44 -42.75 -26.83 -43.40 -26.17 -44.07 -25.44 -44.76 -24.62 -45.46 -23.69 -46.16 -22.68 -46.84 -21.64 -47.49 -20.60 -48.09 -19.60 -48.62 -18.67 -49.07 -17.86 -49.43 -17.17 -49.71 -16.56 -49.92 -16.01 -50.08 -15.51 -50.21 -15.03 -50.32 -14.56 -50.44 -14.07 -50.57 -13.55 -50.70 -13.03 -50.80 -12.55 -50.89 -12.08 -50.97 -11.60 -51.05 -11.09 -51.14 -10.51 -51.26 -9.85 -51.41 -9.06 -51.61 -8.22 -51.87 -7.35 -52.17 -6.42 -52.47 -5.42 -52.75 -4.31 -52.99 -3.05 -53.15 -1.63 -53.21 -0.00 -53.18 1.95 -53.09 4.25 -52.95 6.78 -52.75 9.42 -52.49 12.05 -52.19 14.56 -51.83 16.82 -51.43 18.72 -51.01 20.24 -50.58 21.51 -50.12 22.57 -49.59 23.49 -48.99 24.31 -48.27 25.10 -47.42 25.91 -46.41 26.80 -45.16 27.77 -43.66 28.77 -41.99 29.77 -40.23 30.75 -38.46 31.67 -36.75 32.51 -35.18 33.25 -33.85 33.85 -32.74 34.30 -31.79 34.62 -30.96 34.83 -30.20 34.97 -29.49 35.04 -28.78 35.08 -28.04 35.10 -27.22 35.13 -26.37 35.16 -25.54 35.16 -24.72 35.13 -23.87 35.07 -22.99 34.99 -22.06 34.86 -21.04 34.71 -19.93 34.51 -18.68 34.27 -17.29 33.95 -15.82 33.60 -14.30 33.21 -12.76 32.82 -11.26 32.43 -9.83 32.08 -8.51 31.77 -7.25 31.49 -5.98 31.22 -4.73 30.96 -3.54 30.72 -2.44 30.50 -1.46 30.30 -0.64 30.14 -0.00 30.01" class="polar-curve" stroke="#1F618D" />
  <text x="41.43" y="30.75" class="polar-label" fill="#1F618D">6k</text>
  <path d="M 25.16 -29.44 25.87 -29.22 26.85 -28.96 28.02 -28.64 29.30 -28.27 30.62 -27.88 31.90 -27.46 33.06 -27.03 34.03 -26.58 34.82 -26.14 35.50 -25.68 36.11 -25.21 36.66 -24.71 37.18 -24.18 37.67 -23.61 38.17 -23.00 38.70 -22.34 39.26 -21.60 39.83 -20.76 40.39 -19.86 40.95 -18.93 41.48 -18.00 41.97 -17.11 42.40 -16.29 42.78 -15.57 43.08 -14.96 43.31 -14.42 43.49 -13.94 43.63 -13.51 43.75 -13.10 43.85 -12.69 43.96 -12.27 44.08 -11.81 44.19 -11.36 44.29 -10.94 44.36 -10.54 44.44 -10.12 44.52 -9.68 44.61 -9.17 44.73 -8.60 44.89 -7.92 45.10 -7.18 45.38 -6.42 45.70 -5.62 46.02 -4.75 46.33 -3.78 46.59 -2.68 46.79 -1.43 46.89 -0.00 46.90 1.72 46.86 3.75 46.76 5.99 46.61 8.33 46.41 10.66 46.17 12.89 45.89 14.90 45.57 16.59 45.24 17.95 44.89 19.08 44.51 20.02 44.08 20.85 43.59 21.60 43.00 22.33 42.31 23.10 41.49 23.96 40.51 24.92 39.37 25.94 38.11 26.98 36.77 28.01 35.38 29.00 33.99 29.91 32.64 30.70 31.35 31.35 30.07 31.84 28.74 32.20 27.38 32.46 26.05 32.64 24.78 32.75 23.60 32.83 22.56 32.90 21.69 32.99 21.07 33.07 20.71 33.12 20.52 33.15 20.40 33.15 20.28 33.12 20.06 33.07 19.66 33.00 18.99 32.90 18.03 32.76 16.84 32.58 15.49 32.37 14.03 32.14 12.53 31.89 11.04 31.65 9.63 31.41 8.36 31.20 7.15 30.99 5.91 30.78 4.69 30.56 3.52 30.35 2.42 30.15 1.45 29.98 0.63 29.83 0.00 29.72" class="polar-curve" stroke="#2980B9" />
  <path d="M -25.16 -29.44 -25.87 -29.22 -26.85 -28.96 -28.02 -28.64 -29.30 -28.27 -30.62 -27.88 -31.90 -27.46 -33.06 -27.03 -34.03 -26.58 -34.82 -26.14 -35.50 -25.68 -36.11 -25.21 -36.66 -24.71 -37.18 -24.18 -37.67 -23.61 -38.17 -23.00 -38.70 -22.34 -39.26 -21.60 -39.83 -20.76 -40.39 -19.86 -40.95 -18.93 -41.48 -18.00 -41.97 -17.11 -42.40 -16.29 -42.78 -15.57 -43.08 -14.96 -43.31 -14.42 -43.49 -13.94 -43.63 -13.51 -43.75 -13.10 -43.85 -12.69 -43.96 -12.27 -44.08 -11.81 -44.19 -11.36 -44.29 -10.94 -44.36 -10.54 -44.44 -10.12 -44.52 -9.68 -44.61 -9.17 -44.73 -8.60 -44.89 -7.92 -45.10 -7.18 -45.38 -6.42 -45.70 -5.62 -46.02 -4.75 -46.33 -3.78 -46.59 -2.68 -46.79 -1.43 -46.89 -0.00 -46.90 1.72 -46.86 3.75 -46.76 5.99 -46.61 8.33 -46.41 10.66 -46.17 12.89 -45.89 14.90 -45.57 16.59 -45.24 17.95 -44.89 19.08 -44.51 20.02 -44.08 20.85 -43.59 21.60 -43.00 22.33 -42.31 23.10 -41.49 23.96 -40.51 24.92 -39.37 25.94 -38.11 26.98 -36.77 28.01 -35.38 29.00 -33.99 29.91 -32.64 30.70 -31.35 31.35 -30.07 31.84 -28.74 32.20 -27.38 32.46 -26.05 32.64 -24.78 32.75 -23.60 32.83 -22.56 32.90 -21.69 32.99 -21.07 33.07 -20.71 33.12 -20.52 33.15 -20.40 33.15 -20.28 33.12 -20.06 33.07 -19.66 33.00 -18.99 32.90 -18.03 32.76 -16.84 32.58 -15.49 32.37 -14.03 32.14 -12.53 31.89 -11.04 31.65 -9.63 31.41 -8.36 31.20 -7.15 30.99 -5.91 30.78 -4.69 30.56 -3.52 30.35 -2.42 30.15 -1.45 29.98 -0.63 29.83 -0.00 29.72" class="polar-curve" stroke="#2980B9" />
  <text x="37.97" y="28.01" class="polar-label" fill="#2980B9">8k</text>
  <path d="M 21.24 -26.20 21.92 -25.98 22.87 -25.69 23.99 -25.34 25.23 -24.95 26.49 -24.52 27.71 -24.09 28.81 -23.64 29.71 -23.21 30.41 -22.78 31.01 -22.36 31.52 -21.93 31.96 -21.48 32.37 -21.01 32.76 -20.51 33.16 -19.98 33.59 -19.39 34.05 -18.73 34.53 -18.00 35.01 -17.21 35.47 -16.40 35.92 -15.59 36.33 -14.82 36.70 -14.10 37.02 -13.47 37.27 -12.94 37.47 -12.48 37.63 -12.07 37.76 -11.69 37.86 -11.33 37.96 -10.98 38.05 -10.62 38.16 -10.23 38.27 -9.83 38.37 -9.47 38.47 -9.13 38.56 -8.77 38.64 -8.38 38.73 -7.95 38.82 -7.45 38.91 -6.86 39.02 -6.22 39.15 -5.57 39.28 -4.87 39.41 -4.12 39.53 -3.27 39.63 -2.32 39.71 -1.24 39.76 -0.00 39.80 1.49 39.82 3.24 39.84 5.17 39.84 7.19 39.80 9.21 39.72 11.13 39.59 12.87 39.40 14.34 39.16 15.53 38.90 16.50 38.60 17.33 38.25 18.05 37.85 18.71 37.37 19.37 36.81 20.07 36.16 20.88 35.40 21.78 34.55 22.75 33.61 23.76 32.61 24.76 31.55 25.74 30.45 26.66 29.32 27.48 28.19 28.19 26.95 28.77 25.56 29.27 24.09 29.69 22.61 30.04 21.19 30.34 19.90 30.59 18.82 30.80 18.02 30.99 17.59 31.13 17.51 31.20 17.66 31.23 17.93 31.21 18.21 31.17 18.37 31.11 18.30 31.04 17.89 30.99 17.12 30.93 16.08 30.85 14.85 30.77 13.49 30.67 12.07 30.56 10.65 30.44 9.30 30.32 8.09 30.20 6.94 30.06 5.76 29.91 4.58 29.74 3.43 29.57 2.37 29.41 1.41 29.26 0.61 29.14 0.00 29.05" class="polar-curve" stroke="#2471A3" />
  <path d="M -21.24 -26.20 -21.92 -25.98 -22.87 -25.69 -23.99 -25.34 -25.23 -24.95 -26.49 -24.52 -27.71 -24.09 -28.81 -23.64 -29.71 -23.21 -30.41 -22.78 -31.01 -22.36 -31.52 -21.93 -31.96 -21.48 -32.37 -21.01 -32.76 -20.51 -33.16 -19.98 -33.59 -19.39 -34.05 -18.73 -34.53 -18.00 -35.01 -17.21 -35.47 -16.40 -35.92 -15.59 -36.33 -14.82 -36.70 -14.10 -37.02 -13.47 -37.27 -12.94 -37.47 -12.48 -37.63 -12.07 -37.76 -11.69 -37.86 -11.33 -37.96 -10.98 -38.05 -10.62 -38.16 -10.23 -38.27 -9.83 -38.37 -9.47 -38.47 -9.13 -38.56 -8.77 -38.64 -8.38 -38.73 -7.95 -38.82 -7.45 -38.91 -6.86 -39.02 -6.22 -39.15 -5.57 -39.28 -4.87 -39.41 -4.12 -39.53 -3.27 -39.63 -2.32 -39.71 -1.24 -39.76 -0.00 -39.80 1.49 -39.82 3.24 -39.84 5.17 -39.84 7.19 -39.80 9.21 -39.72 11.13 -39.59 12.87 -39.40 14.34 -39.16 15.53 -38.90 16.50 -38.60 17.33 -38.25 18.05 -37.85 18.71 -37.37 19.37 -36.81 20.07 -36.16 20.88 -35.40 21.78 -34.55 22.75 -33.61 23.76 -32.61 24.76 -31.55 25.74 -30.45 26.66 -29.32 27.48 -28.19 28.19 -26.95 28.77 -25.56 29.27 -24.09 29.69 -22.61 30.04 -21.19 30.34 -19.90 30.59 -18.82 30.80 -18.02 30.99 -17.59 31.13 -17.51 31.20 -17.66 31.23 -17.93 31.21 -18.21 31.17 -18.37 31.11 -18.30 31.04 -17.89 30.99 -17.12 30.93 -16.08 30.85 -14.85 30.77 -13.49 30.67 -12.07 30.56 -10.65 30.44 -9.30 30.32 -8.09 30.20 -6.94 30.06 -5.76 29.91 -4.58 29.74 -3.43 29.57 -2.37 29.41 -1.41 29.26 -0.61 29.14 -0.00 29.05" class="polar-curve" stroke="#2471A3" />
  <text x="33.81" y="24.76" class="polar-label" fill="#2471A3">10k</text>
  <path d="M 17.95 -22.78 18.57 -22.57 19.42 -22.29 20.45 -21.96 21.57 -21.60 22.71 -21.20 23.82 -20.80 24.80 -20.40 25.61 -20.01 26.24 -19.64 26.76 -19.27 27.20 -18.90 27.59 -18.52 27.93 -18.12 28.27 -17.69 28.61 -17.24 29.00 -16.74 29.41 -16.18 29.84 -15.55 30.28 -14.88 30.70 -14.19 31.11 -13.50 31.49 -12.84 31.83 -12.23 32.12 -11.69 32.36 -11.24 32.55 -10.84 32.70 -10.49 32.83 -10.16 32.93 -9.86 33.03 -9.56 33.12 -9.24 33.23 -8.90 33.34 -8.57 33.45 -8.26 33.55 -7.96 33.65 -7.65 33.74 -7.32 33.83 -6.94 33.91 -6.51 33.99 -5.99 34.07 -5.44 34.15 -4.86 34.23 -4.26 34.30 -3.60 34.37 -2.86 34.42 -2.03 34.46 -1.08 34.49 -0.00 34.52 1.30 34.55 2.82 34.58 4.50 34.59 6.25 34.58 8.00 34.54 9.68 34.47 11.20 34.34 12.50 34.19 13.56 34.02 14.44 33.84 15.20 33.61 15.86 33.34 16.49 32.99 17.11 32.57 17.77 32.05 18.51 31.43 19.33 30.71 20.21 29.90 21.12 29.04 22.02 28.12 22.91 27.16 23.76 26.19 24.53 25.22 25.22 24.20 25.82 23.08 26.37 21.92 26.87 20.74 27.32 19.58 27.72 18.47 28.07 17.45 28.38 16.54 28.65 15.76 28.86 15.08 29.01 14.48 29.10 13.93 29.16 13.42 29.18 12.92 29.19 12.42 29.20 11.89 29.21 11.38 29.23 10.91 29.23 10.47 29.22 10.03 29.19 9.56 29.16 9.05 29.11 8.46 29.06 7.77 29.00 6.92 28.92 5.90 28.82 4.78 28.70 3.63 28.58 2.51 28.46 1.48 28.35 0.62 28.25 0.00 28.19" class="polar-curve" stroke="#17A589" />
  <path d="M -17.95 -22.78 -18.57 -22.57 -19.42 -22.29 -20.45 -21.96 -21.57 -21.60 -22.71 -21.20 -23.82 -20.80 -24.80 -20.40 -25.61 -20.01 -26.24 -19.64 -26.76 -19.27 -27.20 -18.90 -27.59 -18.52 -27.93 -18.12 -28.27 -17.69 -28.61 -17.24 -29.00 -16.74 -29.41 -16.18 -29.84 -15.55 -30.28 -14.88 -30.70 -14.19 -31.11 -13.50 -31.49 -12.84 -31.83 -12.23 -32.12 -11.69 -32.36 -11.24 -32.55 -10.84 -32.70 -10.49 -32.83 -10.16 -32.93 -9.86 -33.03 -9.56 -33.12 -9.24 -33.23 -8.90 -33.34 -8.57 -33.45 -8.26 -33.55 -7.96 -33.65 -7.65 -33.74 -7.32 -33.83 -6.94 -33.91 -6.51 -33.99 -5.99 -34.07 -5.44 -34.15 -4.86 -34.23 -4.26 -34.30 -3.60 -34.37 -2.86 -34.42 -2.03 -34.46 -1.08 -34.49 -0.00 -34.52 1.30 -34.55 2.82 -34.58 4.50 -34.59 6.25 -34.58 8.00 -34.54 9.68 -34.47 11.20 -34.34 12.50 -34.19 13.56 -34.02 14.44 -33.84 15.20 -33.61 15.86 -33.34 16.49 -32.99 17.11 -32.57 17.77 -32.05 18.51 -31.43 19.33 -30.71 20.21 -29.90 21.12 -29.04 22.02 -28.12 22.91 -27.16 23.76 -26.19 24.53 -25.22 25.22 -24.20 25.82 -23.08 26.37 -21.92 26.87 -20.74 27.32 -19.58 27.72 -18.47 28.07 -17.45 28.38 -16.54 28.65 -15.76 28.86 -15.08 29.01 -14.48 29.10 -13.93 29.16 -13.42 29.18 -12.92 29.19 -12.42 29.20 -11.89 29.21 -11.38 29.23 -10.91 29.23 -10.47 29.22 -10.03 29.19 -9.56 29.16 -9.05 29.11 -8.46 29.06 -7.77 29.00 -6.92 28.92 -5.90 28.82 -4.78 28.70 -3.63 28.58 -2.51 28.46 -1.48 28.35 -0.62 28.25 -0.00 28.19" class="polar-curve" stroke="#17A589" />
  <text x="30.24" y="22.02" class="polar-label" fill="#17A589">12k</text>
  <path d="M 15.56 -19.92 16.11 -19.73 16.86 -19.48 17.76 -19.18 18.74 -18.85 19.75 -18.49 20.72 -18.13 21.59 -17.76 22.29 -17.42 22.84 -17.09 23.30 -16.76 23.68 -16.44 24.00 -16.11 24.30 -15.76 24.59 -15.39 24.90 -15.00 25.24 -14.57 25.62 -14.09 26.01 -13.55 26.42 -12.98 26.82 -12.38 27.20 -11.80 27.56 -11.23 27.88 -10.71 28.16 -10.25 28.39 -9.86 28.57 -9.52 28.72 -9.21 28.84 -8.93 28.94 -8.67 29.04 -8.41 29.14 -8.13 29.25 -7.84 29.37 -7.55 29.48 -7.28 29.58 -7.02 29.68 -6.75 29.78 -6.46 29.87 -6.13 29.97 -5.75 30.06 -5.30 30.16 -4.81 30.26 -4.30 30.37 -3.77 30.48 -3.18 30.57 -2.53 30.66 -1.79 30.72 -0.96 30.75 -0.00 30.76 1.14 30.76 2.49 30.73 3.96 30.70 5.51 30.64 7.05 30.57 8.54 30.48 9.89 30.37 11.06 30.27 12.01 30.19 12.83 30.10 13.54 29.99 14.17 29.84 14.77 29.63 15.37 29.33 16.00 28.93 16.70 28.42 17.48 27.82 18.31 27.13 19.17 26.39 20.02 25.59 20.86 24.76 21.66 23.90 22.39 23.04 23.04 22.15 23.61 21.21 24.12 20.23 24.57 19.22 24.98 18.19 25.35 17.17 25.68 16.15 25.98 15.16 26.26 14.13 26.50 13.03 26.70 11.91 26.86 10.80 26.98 9.75 27.09 8.80 27.17 8.01 27.24 7.41 27.31 7.08 27.36 7.02 27.39 7.13 27.40 7.33 27.39 7.54 27.38 7.67 27.35 7.62 27.33 7.32 27.31 6.70 27.28 5.82 27.25 4.78 27.20 3.65 27.16 2.53 27.11 1.48 27.06 0.61 27.03 0.00 27.00" class="polar-curve" stroke="#138D75" />
  <path d="M -15.56 -19.92 -16.11 -19.73 -16.86 -19.48 -17.76 -19.18 -18.74 -18.85 -19.75 -18.49 -20.72 -18.13 -21.59 -17.76 -22.29 -17.42 -22.84 -17.09 -23.30 -16.76 -23.68 -16.44 -24.00 -16.11 -24.30 -15.76 -24.59 -15.39 -24.90 -15.00 -25.24 -14.57 -25.62 -14.09 -26.01 -13.55 -26.42 -12.98 -26.82 -12.38 -27.20 -11.80 -27.56 -11.23 -27.88 -10.71 -28.16 -10.25 -28.39 -9.86 -28.57 -9.52 -28.72 -9.21 -28.84 -8.93 -28.94 -8.67 -29.04 -8.41 -29.14 -8.13 -29.25 -7.84 -29.37 -7.55 -29.48 -7.28 -29.58 -7.02 -29.68 -6.75 -29.78 -6.46 -29.87 -6.13 -29.97 -5.75 -30.06 -5.30 -30.16 -4.81 -30.26 -4.30 -30.37 -3.77 -30.48 -3.18 -30.57 -2.53 -30.66 -1.79 -30.72 -0.96 -30.75 -0.00 -30.76 1.14 -30.76 2.49 -30.73 3.96 -30.70 5.51 -30.64 7.05 -30.57 8.54 -30.48 9.89 -30.37 11.06 -30.27 12.01 -30.19 12.83 -30.10 13.54 -29.99 14.17 -29.84 14.77 -29.63 15.37 -29.33 16.00 -28.93 16.70 -28.42 17.48 -27.82 18.31 -27.13 19.17 -26.39 20.02 -25.59 20.86 -24.76 21.66 -23.90 22.39 -23.04 23.04 -22.15 23.61 -21.21 24.12 -20.23 24.57 -19.22 24.98 -18.19 25.35 -17.17 25.68 -16.15 25.98 -15.16 26.26 -14.13 26.50 -13.03 26.70 -11.91 26.86 -10.80 26.98 -9.75 27.09 -8.80 27.17 -8.01 27.24 -7.41 27.31 -7.08 27.36 -7.02 27.39 -7.13 27.40 -7.33 27.39 -7.54 27.38 -7.67 27.35 -7.62 27.33 -7.32 27.31 -6.70 27.28 -5.82 27.25 -4.78 27.20 -3.65 27.16 -2.53 27.11 -1.48 27.06 -0.61 27.03 -0.00 27.00" class="polar-curve" stroke="#138D75" />
  <text x="27.59" y="20.02" class="polar-label" fill="#138D75">14k</text>
  <path d="M 13.96 -17.61 14.42 -17.44 15.06 -17.22 15.82 -16.95 16.66 -16.65 17.51 -16.33 18.33 -16.01 19.07 -15.68 19.68 -15.38 20.16 -15.09 20.55 -14.80 20.89 -14.52 21.18 -14.22 21.45 -13.92 21.72 -13.60 21.99 -13.25 22.30 -12.88 22.64 -12.45 23.00 -11.98 23.36 -11.47 23.72 -10.95 24.07 -10.44 24.40 -9.94 24.69 -9.48 24.95 -9.08 25.16 -8.74 25.33 -8.44 25.47 -8.17 25.59 -7.93 25.70 -7.70 25.79 -7.47 25.90 -7.23 26.01 -6.97 26.12 -6.71 26.23 -6.48 26.34 -6.25 26.45 -6.02 26.55 -5.76 26.65 -5.47 26.76 -5.14 26.86 -4.74 26.98 -4.30 27.11 -3.85 27.25 -3.37 27.39 -2.85 27.52 -2.27 27.63 -1.61 27.71 -0.86 27.76 -0.00 27.77 1.03 27.76 2.23 27.72 3.56 27.66 4.94 27.59 6.33 27.50 7.67 27.41 8.89 27.32 9.94 27.24 10.81 27.17 11.55 27.11 12.19 27.04 12.77 26.93 13.32 26.77 13.87 26.54 14.47 26.22 15.14 25.82 15.90 25.35 16.72 24.83 17.58 24.24 18.45 23.61 19.30 22.93 20.10 22.22 20.84 21.47 21.47 20.68 22.02 19.81 22.49 18.89 22.91 17.94 23.27 16.97 23.60 15.99 23.89 15.03 24.16 14.10 24.41 13.14 24.64 12.13 24.83 11.11 24.99 10.09 25.12 9.12 25.23 8.23 25.32 7.46 25.40 6.82 25.47 6.39 25.52 6.13 25.55 6.01 25.56 5.95 25.55 5.92 25.54 5.84 25.52 5.66 25.51 5.33 25.50 4.81 25.50 4.14 25.49 3.38 25.48 2.57 25.47 1.78 25.46 1.05 25.45 0.44 25.45 0.00 25.44" class="polar-curve" stroke="#D4AC0D" />
  <path d="M -13.96 -17.61 -14.42 -17.44 -15.06 -17.22 -15.82 -16.95 -16.66 -16.65 -17.51 -16.33 -18.33 -16.01 -19.07 -15.68 -19.68 -15.38 -20.16 -15.09 -20.55 -14.80 -20.89 -14.52 -21.18 -14.22 -21.45 -13.92 -21.72 -13.60 -21.99 -13.25 -22.30 -12.88 -22.64 -12.45 -23.00 -11.98 -23.36 -11.47 -23.72 -10.95 -24.07 -10.44 -24.40 -9.94 -24.69 -9.48 -24.95 -9.08 -25.16 -8.74 -25.33 -8.44 -25.47 -8.17 -25.59 -7.93 -25.70 -7.70 -25.79 -7.47 -25.90 -7.23 -26.01 -6.97 -26.12 -6.71 -26.23 -6.48 -26.34 -6.25 -26.45 -6.02 -26.55 -5.76 -26.65 -5.47 -26.76 -5.14 -26.86 -4.74 -26.98 -4.30 -27.11 -3.85 -27.25 -3.37 -27.39 -2.85 -27.52 -2.27 -27.63 -1.61 -27.71 -0.86 -27.76 -0.00 -27.77 1.03 -27.76 2.23 -27.72 3.56 -27.66 4.94 -27.59 6.33 -27.50 7.67 -27.41 8.89 -27.32 9.94 -27.24 10.81 -27.17 11.55 -27.11 12.19 -27.04 12.77 -26.93 13.32 -26.77 13.87 -26.54 14.47 -26.22 15.14 -25.82 15.90 -25.35 16.72 -24.83 17.58 -24.24 18.45 -23.61 19.30 -22.93 20.10 -22.22 20.84 -21.47 21.47 -20.68 22.02 -19.81 22.49 -18.89 22.91 -17.94 23.27 -16.97 23.60 -15.99 23.89 -15.03 24.16 -14.10 24.41 -13.14 24.64 -12.13 24.83 -11.11 24.99 -10.09 25.12 -9.12 25.23 -8.23 25.32 -7.46 25.40 -6.82 25.47 -6.39 25.52 -6.13 25.55 -6.01 25.56 -5.95 25.55 -5.92 25.54 -5.84 25.52 -5.66 25.51 -5.33 25.50 -4.81 25.50 -4.14 25.49 -3.38 25.48 -2.57 25.47 -1.78 25.46 -1.05 25.45 -0.44 25.45 -0.00 25.44" class="polar-curve" stroke="#D4AC0D" />
  <text x="25.44" y="18.45" class="polar-label" fill="#D4AC0D">16k</text>
  <path d="M 11.39 -14.17 11.75 -14.03 12.25 -13.85 12.84 -13.64 13.49 -13.41 14.16 -13.16 14.81 -12.90 15.39 -12.64 15.87 -12.40 16.25 -12.17 16.57 -11.94 16.84 -11.71 17.08 -11.48 17.31 -11.24 17.53 -10.98 17.76 -10.70 18.02 -10.40 18.31 -10.07 18.61 -9.69 18.92 -9.29 19.23 -8.87 19.53 -8.46 19.81 -8.07 20.06 -7.70 20.28 -7.38 20.46 -7.11 20.61 -6.87 20.74 -6.65 20.84 -6.46 20.94 -6.27 21.03 -6.09 21.12 -5.89 21.22 -5.69 21.33 -5.48 21.42 -5.29 21.52 -5.11 21.61 -4.92 21.70 -4.72 21.80 -4.48 21.90 -4.21 22.02 -3.88 22.15 -3.53 22.30 -3.16 22.47 -2.77 22.64 -2.35 22.80 -1.87 22.94 -1.33 23.05 -0.71 23.13 -0.00 23.17 0.85 23.18 1.86 23.16 2.97 23.12 4.13 23.07 5.29 23.02 6.41 22.96 7.45 22.91 8.34 22.86 9.07 22.83 9.68 22.80 10.21 22.76 10.70 22.70 11.17 22.62 11.67 22.50 12.23 22.33 12.89 22.15 13.69 21.97 14.59 21.77 15.56 21.53 16.55 21.25 17.53 20.89 18.44 20.46 19.25 19.92 19.92 19.25 20.43 18.45 20.85 17.57 21.17 16.61 21.43 15.63 21.63 14.64 21.81 13.68 21.97 12.78 22.14 11.89 22.30 10.95 22.43 9.99 22.53 9.06 22.60 8.17 22.66 7.36 22.71 6.67 22.75 6.11 22.79 5.74 22.82 5.56 22.84 5.51 22.85 5.53 22.84 5.56 22.83 5.54 22.82 5.42 22.81 5.14 22.81 4.66 22.80 4.03 22.80 3.29 22.79 2.51 22.78 1.73 22.78 1.02 22.77 0.43 22.76 0.00 22.76" class="polar-curve" stroke="#CA6F1E" />
  <path d="M -11.39 -14.17 -11.75 -14.03 -12.25 -13.85 -12.84 -13.64 -13.49 -13.41 -14.16 -13.16 -14.81 -12.90 -15.39 -12.64 -15.87 -12.40 -16.25 -12.17 -16.57 -11.94 -16.84 -11.71 -17.08 -11.48 -17.31 -11.24 -17.53 -10.98 -17.76 -10.70 -18.02 -10.40 -18.31 -10.07 -18.61 -9.69 -18.92 -9.29 -19.23 -8.87 -19.53 -8.46 -19.81 -8.07 -20.06 -7.70 -20.28 -7.38 -20.46 -7.11 -20.61 -6.87 -20.74 -6.65 -20.84 -6.46 -20.94 -6.27 -21.03 -6.09 -21.12 -5.89 -21.22 -5.69 -21.33 -5.48 -21.42 -5.29 -21.52 -5.11 -21.61 -4.92 -21.70 -4.72 -21.80 -4.48 -21.90 -4.21 -22.02 -3.88 -22.15 -3.53 -22.30 -3.16 -22.47 -2.77 -22.64 -2.35 -22.80 -1.87 -22.94 -1.33 -23.05 -0.71 -23.13 -0.00 -23.17 0.85 -23.18 1.86 -23.16 2.97 -23.12 4.13 -23.07 5.29 -23.02 6.41 -22.96 7.45 -22.91 8.34 -22.86 9.07 -22.83 9.68 -22.80 10.21 -22.76 10.70 -22.70 11.17 -22.62 11.67 -22.50 12.23 -22.33 12.89 -22.15 13.69 -21.97 14.59 -21.77 15.56 -21.53 16.55 -21.25 17.53 -20.89 18.44 -20.46 19.25 -19.92 19.92 -19.25 20.43 -18.45 20.85 -17.57 21.17 -16.61 21.43 -15.63 21.63 -14.64 21.81 -13.68 21.97 -12.78 22.14 -11.89 22.30 -10.95 22.43 -9.99 22.53 -9.06 22.60 -8.17 22.66 -7.36 22.71 -6.67 22.75 -6.11 22.79 -5.74 22.82 -5.56 22.84 -5.51 22.85 -5.53 22.84 -5.56 22.83 -5.54 22.82 -5.42 22.81 -5.14 22.81 -4.66 22.80 -4.03 22.80 -3.29 22.79 -2.51 22.78 -1.73 22.78 -1.02 22.77 -0.43 22.76 -0.00 22.76" class="polar-curve" stroke="#CA6F1E" />
  <text x="22.73" y="16.55" class="polar-label" fill="#CA6F1E">20k</text>
  <path d="M 9.82 -11.43 10.09 -11.34 10.45 -11.23 10.88 -11.09 11.36 -10.94 11.85 -10.78 12.32 -10.60 12.75 -10.43 13.12 -10.25 13.41 -10.07 13.67 -9.89 13.89 -9.71 14.10 -9.51 14.30 -9.31 14.49 -9.09 14.70 -8.86 14.92 -8.62 15.17 -8.34 15.44 -8.04 15.72 -7.71 15.99 -7.38 16.26 -7.04 16.51 -6.72 16.74 -6.43 16.94 -6.17 17.10 -5.94 17.24 -5.74 17.35 -5.57 17.45 -5.41 17.54 -5.25 17.62 -5.10 17.70 -4.94 17.80 -4.77 17.90 -4.60 17.99 -4.44 18.07 -4.29 18.16 -4.14 18.25 -3.97 18.34 -3.77 18.44 -3.54 18.55 -3.27 18.68 -2.97 18.84 -2.67 19.01 -2.34 19.18 -1.99 19.34 -1.59 19.49 -1.13 19.61 -0.61 19.70 -0.00 19.74 0.73 19.75 1.58 19.74 2.52 19.71 3.50 19.67 4.50 19.63 5.46 19.61 6.35 19.60 7.13 19.61 7.78 19.63 8.32 19.66 8.78 19.69 9.22 19.72 9.66 19.74 10.14 19.75 10.71 19.75 11.40 19.73 12.25 19.71 13.23 19.69 14.30 19.65 15.41 19.60 16.51 19.53 17.57 19.44 18.52 19.32 19.32 19.19 20.00 19.06 20.61 18.91 21.14 18.74 21.61 18.54 22.01 18.29 22.35 17.98 22.61 17.61 22.82 17.16 22.92 16.66 22.92 16.10 22.83 15.50 22.69 14.85 22.51 14.17 22.33 13.47 22.17 12.73 22.06 11.95 21.97 11.11 21.89 10.22 21.82 9.30 21.74 8.38 21.68 7.47 21.61 6.59 21.55 5.76 21.49 4.94 21.44 4.10 21.39 3.26 21.35 2.44 21.31 1.68 21.28 1.01 21.25 0.44 21.22 0.00 21.20" class="polar-curve" stroke="#922B21" />
  <path d="M -9.82 -11.43 -10.09 -11.34 -10.45 -11.23 -10.88 -11.09 -11.36 -10.94 -11.85 -10.78 -12.32 -10.60 -12.75 -10.43 -13.12 -10.25 -13.41 -10.07 -13.67 -9.89 -13.89 -9.71 -14.10 -9.51 -14.30 -9.31 -14.49 -9.09 -14.70 -8.86 -14.92 -8.62 -15.17 -8.34 -15.44 -8.04 -15.72 -7.71 -15.99 -7.38 -16.26 -7.04 -16.51 -6.72 -16.74 -6.43 -16.94 -6.17 -17.10 -5.94 -17.24 -5.74 -17.35 -5.57 -17.45 -5.41 -17.54 -5.25 -17.62 -5.10 -17.70 -4.94 -17.80 -4.77 -17.90 -4.60 -17.99 -4.44 -18.07 -4.29 -18.16 -4.14 -18.25 -3.97 -18.34 -3.77 -18.44 -3.54 -18.55 -3.27 -18.68 -2.97 -18.84 -2.67 -19.01 -2.34 -19.18 -1.99 -19.34 -1.59 -19.49 -1.13 -19.61 -0.61 -19.70 -0.00 -19.74 0.73 -19.75 1.58 -19.74 2.52 -19.71 3.50 -19.67 4.50 -19.63 5.46 -19.61 6.35 -19.60 7.13 -19.61 7.78 -19.63 8.32 -19.66 8.78 -19.69 9.22 -19.72 9.66 -19.74 10.14 -19.75 10.71 -19.75 11.40 -19.73 12.25 -19.71 13.23 -19.69 14.30 -19.65 15.41 -19.60 16.51 -19.53 17.57 -19.44 18.52 -19.32 19.32 -19.19 20.00 -19.06 20.61 -18.91 21.14 -18.74 21.61 -18.54 22.01 -18.29 22.35 -17.98 22.61 -17.61 22.82 -17.16 22.92 -16.66 22.92 -16.10 22.83 -15.50 22.69 -14.85 22.51 -14.17 22.33 -13.47 22.17 -12.73 22.06 -11.95 21.97 -11.11 21.89 -10.22 21.82 -9.30 21.74 -8.38 21.68 -7.47 21.61 -6.59 21.55 -5.76 21.49 -4.94 21.44 -4.10 21.39 -3.26 21.35 -2.44 21.31 -1.68 21.28 -1.01 21.25 -0.44 21.22 -0.00 21.20" class="polar-curve" stroke="#922B21" />
  <text x="20.85" y="15.41" class="polar-label" fill="#922B21">24k</text>
</svg>